[[ 1.1297126   1.3221836   0.7764987  -0.9152543  -0.40581235 -0.13188517  0.32942823  0.31138998  0.5207076  -1.2061862   0.58046013  0.23850557
  -0.50795394  1.0999991  -0.2755559   0.89613575 -0.17001389  0.55868864  0.20094262  0.5530684   0.01954407 -0.4095374  -0.17918071 -0.6686506
   0.39766625 -0.4418346   1.644861    0.45353177 -0.7994679   0.08984278  0.09317739 -0.16066945 -0.8869284  -0.78263634 -0.6256526   0.60705906
  -0.13405217  0.06325544  0.33954054  0.17091268 -1.0992268  -0.19767728 -0.49621215  0.17236803  0.23180987  0.02048311 -0.75227773 -0.7505768
   0.49202368 -0.78977704  1.0139129   0.3878378  -0.11014636  1.2420685  -0.4232763   0.06999014  0.13604218 -0.70973504 -0.12816995  1.0093693
  -0.16626976  0.691549    0.5096492   0.6074705   0.15894689  0.45965105 -0.4608064   0.45384747 -0.16625015 -0.67901355 -0.00209741 -0.08997098
   1.0122693  -0.19420138 -0.5301177  -0.58349466 -0.7771732  -0.22511101  0.07812925 -0.47657326 -1.013963   -0.52331305 -0.5251629  -1.2266911
  -0.9585347   1.1896523   0.6647672  -0.4161125   0.02124483 -0.80429083  0.86569595 -0.8287192   0.18801983  0.7213311   0.26671067  0.23339604
  -0.6997812   0.06684595  0.15901524  0.0035279   0.526561   -0.47200894 -0.00534696  0.79141176  0.65956485  0.7290551  -0.01754165 -0.95454586
  -0.8438969  -1.1855072  -0.21377918 -0.1527671   0.4683555   0.3234534   0.15269272  1.048349   -0.42358     0.29808658  0.27148423 -0.98113966
   0.15625882  0.269789    0.01886085  0.65992147 -0.7735646   0.19143707 -0.03584535  0.3572019 ]
 [ 0.75387037  0.8569091  -1.162034   -0.5781885   0.85308915  0.5302881  -0.22200145  0.6729545  -0.12095112 -1.3093297   0.09336255  0.6330926
   0.3900213  -0.27210876 -0.42669564  0.87578917 -0.26772285  0.09440965  0.18639842  1.1328679  -0.66293    -0.52870244  0.44717938 -0.2859113
  -0.3555062  -0.1897108   0.73129624  0.2325226  -0.3927908  -1.2560045  -0.49210313 -1.5450104  -0.0949901  -1.5727234  -0.35822615  0.34310058
  -1.2319187  -0.24160078  0.66381025  0.63077724 -0.6374655   0.11046829  0.13589606 -0.46194655 -0.09329634 -0.00913234 -1.0341262  -0.3666782
  -0.20091526 -0.9536258   0.7613167  -0.21406758  0.24703513 -0.4014502  -0.37575462  0.32045358  0.00245171 -0.25839722 -0.316921    0.96132267
  -0.65673923  1.1327728   1.0049579   1.0582774   1.0070361   1.1135588  -0.46721512 -0.01439818  0.21025689 -0.38139164 -0.3050127   0.07262018
   1.2547451  -0.3939938   0.10992625 -0.6431139   0.18861343 -0.41308573 -0.3983028  -0.68482274 -0.6238622   0.06357529  0.5690704  -0.9711102
  -0.70583135 -0.70943624 -0.26092866 -0.44685495  0.7587224  -0.5073521   0.02532797  0.0707893   0.68065023  0.17594555  0.76964957  0.66737235
   0.54587203 -0.30508673  0.5964028  -0.45879197 -0.1092689   0.55474627 -0.15220234  0.31478634  0.6884458   0.22109996  0.321672   -0.30473396
   0.36050528 -0.10465944 -0.39089888 -0.3324783   1.1490573   0.29749966 -0.42124966 -0.02068157  1.2211792   0.20426354  0.13393933 -0.3324675
  -0.00217298  0.43354905  0.07820521  0.8499083  -0.870988   -0.407248    0.5172203   0.7779675 ]
 [ 0.91856164  0.40696913 -0.88672966 -0.49037272  0.24679911 -0.6957375   1.2570821   0.2379997   0.45146358 -0.936207    0.39647672  0.9173233
  -0.8006458   0.14915228 -0.26133513  1.1083893  -0.79028285 -0.0174985  -0.3246602   0.83493066 -0.06734392 -0.19683552 -0.28624642  0.35162672
   0.4571257   0.70637524  0.2102027  -0.02519808 -0.946022    0.55641335 -0.4318626  -0.72273755  0.3269343  -0.71738863 -0.34067896  0.8688808
   0.12794743 -0.4511171   0.33248803 -0.22609878 -0.4956535  -0.37904584  0.71811384 -0.06379052 -0.06493832 -0.03979501 -0.85660565  0.36282095
  -0.39957297 -0.55541277  0.9093234   0.02417808  0.34870362 -0.09187862  0.91161203 -0.92675775  0.29026833  0.27890682 -0.59516996  0.8149274
  -0.8751496  -0.14949726  0.4960122   0.08005609  0.41280136  0.9377651  -0.34727243 -0.4305651   0.3155691  -0.81590956 -0.23693319 -0.21696112
   0.25886893 -0.0590961  -0.3619554  -1.4549065  -0.14124204  0.20532477 -0.35520306  0.05542662 -0.42409876 -0.5666353  -0.7845493  -0.3604375
   0.072443    1.099755   -0.48105898  0.02503268  0.63602537  0.533383    0.3771423  -0.18428391  0.5934489   1.2977444   0.34555462 -0.22093382
   0.3633002   0.39393076  0.49465337 -0.6575679   0.57681596  0.6150227  -0.2180082  -0.49602458 -0.54440916  0.301447   -0.00654105 -0.15899752
   0.4109362   0.11736322 -0.7609636   0.17404154  0.47069997  0.6646343  -0.41916096 -0.7425347   0.46539697 -0.5422063  -0.23068283  0.10255898
   1.0071602   0.0714055  -0.5161768  -0.43102455 -0.1478543  -0.04460194  0.21403903  0.6919102 ]
 [ 0.77170134 -0.69149846 -0.9884856  -0.22264506  0.07723604 -0.30203193  0.84246224 -1.1151752   0.81942797 -0.17997532  0.3690744   0.9133472
  -0.06581354  0.3823724  -1.173145    0.4549859  -1.2823575  -0.60370964  0.9234202   0.45601812 -0.84327006 -1.2419306  -1.272773    0.2116691
   0.63470906  0.2733541   0.9537047   0.8850991  -0.3045594   0.47308657  0.47082466 -0.97508675 -0.239775   -0.66779613 -0.02688657 -0.01838356
  -0.83036524 -0.00662276 -0.9194519  -0.46439788  0.34500164 -0.60288316 -0.9127719   0.61078686  0.14987971 -0.42861593 -0.75171393  0.8866048
  -0.54591465 -1.1570015   0.74219495 -0.03083673  0.66198057  0.17831564  0.20339936 -0.7627157   0.3354303  -0.24175696 -1.3376478   0.8639574
  -0.5811661   0.99110794  0.40697438  0.00665431 -0.8911185   0.7595532  -0.10147563  0.25344694  0.01080675 -0.77529067 -0.21956912  0.08699061
   0.6170746   0.45388314 -0.6311683  -0.94453955 -0.10024199 -0.6157061   0.52724254 -0.617509   -0.3269511  -0.01260571 -0.73835367 -0.01394845
  -0.27153847 -0.00845088 -0.24421543 -0.03896666  0.77595955  0.36456683 -0.30584213  0.7700517  -0.08032186  0.62319875 -0.05036767 -1.0501552
  -0.2545813   0.8631815   0.86535543 -1.0393512   0.08104198  0.03993139  0.2657755  -0.7013615   0.02464232 -0.87594056  0.18808351 -1.0900885
  -0.25525245 -1.7430644  -0.71528095 -0.00830127  1.291408    0.289346   -0.5542247  -0.33819455 -0.50527245 -0.51659757  0.157704   -0.5936468
   0.7366309   0.956889   -1.1425207  -0.30112723 -0.72330964 -0.21108249  0.24844484 -0.49058983]
 [ 0.51833975  0.46887374 -0.38038525 -1.1211286   0.1774938   0.20763949  0.7055345  -0.9673505   1.258078   -0.5679956   0.9531416  -0.410475
   0.02591949  1.2273656  -0.26112866  0.74619186  0.7873625   0.7578551  -0.2496991  -0.06199198 -0.59208906 -0.67054284 -0.58713454  0.21695313
   0.430818   -0.5235947   1.2668719   1.1993039  -0.26480302  0.7533316   0.8782564  -0.54956216 -0.5928905  -0.7468172  -0.18236151  0.20248406
  -0.59462714 -0.08284979 -0.4668531   0.6900347  -0.6050606  -0.6958532  -0.3461936   0.5446651   0.21971743 -0.3712609  -0.1593792  -0.13374683
  -0.17442106 -0.26969352 -0.5060423  -0.7025198   1.0850443   1.1329808  -1.0159725  -0.55541897 -0.26818186  0.05431026 -1.1874804   0.7058257
  -0.45082593  0.36888677  0.10791217  0.45164633 -0.23091425 -0.33635777 -0.5995743  -0.7171611   0.42442396 -0.6197824  -0.44879156 -0.18910684
   0.81230223  1.3461204  -1.3450713  -0.56052953 -0.04710284  0.05034249  0.00879124 -0.02161708 -0.66234285 -0.5009942  -0.21847925 -0.64471257
  -0.6116333   0.7389113  -0.20375426 -0.02324776  0.3970893  -0.7015292  -0.12939316 -0.00461774  0.7115656   0.3609096   0.3257506  -0.7999467
   0.05610415  0.73394585  0.77688503 -0.23052464  0.86469734  0.5296398   0.05631205 -0.05774879 -0.7263009  -0.6875903  -0.4763732  -0.8010342
   0.2132746  -1.0038126  -0.8834972   0.6092206   0.51363564  0.2014708  -0.5936618   0.26296324  0.87281543 -0.7672539   0.5386516   0.35204664
  -0.06714346  0.33018348 -0.3075047   0.3504044  -0.53994733  0.58789825 -0.42092657 -0.10123683]
 [ 1.2154331   1.3322031  -0.7710585  -0.76571757  1.0481968   0.5466368   0.0759356  -0.07905682  1.8692434  -0.9638283   0.43696034 -0.58134407
  -0.434398    1.0070333  -0.85705763  0.18298236  0.29549354  0.00153425  0.489133    0.6859716  -0.25810507 -0.7376041   0.34785315  0.09517395
  -0.02256639  0.7962363   0.09729423  0.20177895 -0.11101147  0.13231103  0.01873296 -0.21132095 -0.4917072   0.30145925 -0.12118091  0.33194065
  -0.81074065  0.19589637  0.1848688   0.10010745 -0.03895057 -0.30404395 -0.51933753  0.6559555   0.12550648 -0.53103554 -0.05192469  0.11760021
   0.09721904 -0.14437474 -0.06921341 -0.21495391  0.02836743 -0.05052479  0.8484205   0.07572574  0.36766532 -0.53653216 -0.24563867  0.01444214
  -0.07573402  0.43018627  0.14711882  0.487255   -0.1474565  -0.33611792 -0.15905309 -0.34724927  0.4778119   0.18345247  0.54185176 -0.2263445
   0.58017963  0.9477082  -0.596151    0.2333501  -0.5809548  -0.47595242 -0.31711915 -0.30425364  0.04615311  0.20751546  0.25325647 -0.3096823
  -0.5925346   0.08099171  0.05893582 -0.4201762   0.83782214  0.01674857 -0.3157955   0.1254232   0.04538519 -0.12770152 -0.25116524  0.7429435
   0.32595876  0.9933338  -0.22149573 -0.8017457  -0.48242417  0.5087404  -0.39561328  0.59625846  1.1724472   0.02104592 -0.00572869  0.53994095
   0.12112822 -0.38115573 -0.04896654 -0.1985548  -0.02375998 -0.46125686  0.4580047  -0.0542333  -0.31662443 -0.4995296   0.02940101 -0.506873
   0.94816095  0.4862021  -0.66860324  0.19367392 -0.5332707  -0.74315166  1.2267491   0.10403488]
 [ 0.00917195 -0.35711208 -1.205561   -0.75042903  0.6194279   0.00966798  0.55167496 -0.35058057  0.21819045 -1.4670212   0.6926765   0.38238713
  -0.6737859   0.73857945  0.28698286  1.6333579  -0.74564505  0.78245515 -0.24823959  0.4093795  -0.1328184  -0.5092926  -0.538554    0.16375265
   1.0644212   0.69419664  0.2488395  -0.3115465   0.51208496  0.52217233 -0.62682474  0.10887082 -0.24331714 -0.41642988 -0.9058377   0.07402446
   0.26027566 -0.33013248 -0.8169301   0.7572229   0.38673294 -0.84236693 -0.43944263 -0.23752323 -0.03004795 -0.9516299  -0.8231893  -0.06516162
  -0.46998096 -0.62776464  1.0962063   0.13265632  0.37524575  0.73334783 -0.34452924 -0.1696815   0.06302986  0.6421231  -0.8222412   1.0897645
  -0.24816735  0.88488424  0.31548497  0.14535543 -0.1752113   0.158135    0.19123837  0.6944079   0.26040804  0.7170711   0.05359927  0.028984
  -0.01723627  1.4700302  -0.689081    0.14209145  0.61237675 -0.3120114   0.4997539  -0.16464612 -0.04874394 -1.1178229   0.58000153 -0.5086704
  -0.01246364 -0.40309945 -0.83339983  0.42962548  0.5644673   0.04573683  0.9327222   0.24614672  0.47590247  0.54057044 -0.13080235  0.70731616
  -0.06852523  0.2906269   0.2082754  -0.32399225  0.1108717  -0.7265204   0.06345574 -0.28694898  0.28033674  0.19619127  0.361823    0.3763666
   0.44802424 -0.36365116  0.4312831  -0.81740826 -0.28035715  0.27183312  0.00569667  0.13459955 -0.05759542  0.46172315  0.876372    0.07395392
   0.38989124 -0.06384316 -0.9845053   0.11814634  0.12807404  0.04470508  0.7463975   1.097525  ]
 [ 0.74664956 -0.3587549   0.3536205  -1.0398543   0.37032366 -0.64309126  0.3051998  -0.44864738  0.22740783 -0.04633735  0.20486088 -0.44342378
   0.09575654  1.1000146  -0.24547964  0.8815119   0.11442606  0.16143095  0.3369146  -0.00883534 -0.64676845 -0.62805307  0.15068774  0.82464653
   0.05599175  0.54660577  0.44967356 -0.09517951  0.27287328  0.0339734  -0.48798743  0.282123    0.03372315  0.23269713 -0.5024574   0.93688804
   0.0975588   0.64873266  0.27515277  0.41584912 -0.8412536   0.0357029  -0.5528699   0.3805009  -0.30784252 -0.27585542 -0.44797465 -0.1488127
   0.01213435 -0.6594867   0.9104377  -0.6513229   0.44315252  0.62042034  0.15639049 -0.63824075  0.3267067   0.01784946 -1.4250159   0.9298728
  -0.14689568  0.25910553  1.7410436  -0.2092754  -0.9849865   0.7815448  -0.19931178 -0.6949886  -0.5718665   0.25848195 -0.10244514  0.15624344
   1.3576844   1.3282938  -0.1584118  -1.1148171   0.10378349 -0.07517125 -0.28242725  0.06242134  0.42825443 -0.66785866  0.09525681 -0.02001732
  -1.198633    0.5063453  -0.9761394   0.01992946 -0.41230053 -0.05933683  0.57974875  0.68843114  1.0513936   0.7284452   0.16048157  0.61914283
  -0.20104642  0.84837914  0.46671173  0.15823236  0.03698938 -0.18243267  0.18924041  0.7264772   0.39606038 -0.01708676 -0.6594704   0.15869822
   1.300946   -0.4368387  -0.9030434  -0.2780739  -0.3916826   0.49085203 -0.02270635  0.32124263  0.9920976  -1.3490392   0.5198919  -0.6101573
   0.2145682   0.739778   -0.39814913 -0.50020075 -0.3178144   0.53110194 -0.33485153  0.33102134]
 [ 0.95294136  0.4216888  -0.85166997 -0.5387096   0.03420245 -0.7314897   1.1793848   0.2968459   0.44603908 -1.1174548   0.41356418  0.93336225
  -0.79199827  0.23068877 -0.1870067   1.0599965  -0.678739    0.1470076  -0.31417876  0.8572169  -0.0159524  -0.08038897 -0.15621357  0.34721866
   0.42046002  0.5242677   0.24133849  0.0648465  -1.0516438   0.5443342  -0.3217195  -0.8353448   0.36692068 -0.76774585 -0.30379516  0.88487554
   0.04635723 -0.48917857  0.26418212 -0.14498372 -0.59543216 -0.27308148  0.63323253 -0.06861684 -0.03462124 -0.06489871 -0.8857742   0.29229873
  -0.23905963 -0.69132626  0.8896371   0.09804407  0.34103593 -0.02050647  0.73995906 -0.7779704   0.20439108  0.26026243 -0.5062083   0.75762033
  -0.8567517  -0.15166646  0.50513285  0.19183673  0.4474306   0.9543211  -0.4808324  -0.54170823  0.45581332 -0.89478606 -0.26148853 -0.18668936
   0.33051935 -0.01863483 -0.41463974 -1.3508189   0.00932488  0.26875308 -0.22857739 -0.0454515  -0.60209394 -0.5103323  -0.87756824 -0.4880912
   0.01918215  1.042062   -0.29022455  0.1057575   0.78765184  0.45667642  0.31460977 -0.24600728  0.46466053  1.0224804   0.40970752 -0.2552097
   0.42293233  0.32192692  0.4436451  -0.6241362   0.6771332   0.5856506  -0.19097003 -0.27178636 -0.58030117  0.2727216   0.07329926 -0.26102188
   0.46127757  0.12215663 -0.7931645   0.15832663  0.4543833   0.64436406 -0.38064507 -0.6702498   0.58394456 -0.48491895 -0.2027419   0.08690093
   0.9635768   0.08025018 -0.457579   -0.33373687 -0.10109319 -0.04582823  0.07577943  0.70289433]
 [ 0.70905334  0.07596821  0.5165356   0.24744225 -0.5052468  -0.1943093   0.12144282  0.2720374   0.1415966  -0.21999969  0.00966779 -0.2568901
  -0.08186428  0.23226492  0.25249964  0.07659735 -0.52771026  0.03330392  0.20574492 -0.47047246 -0.06344076  0.32581803 -0.3067776   0.01989468
  -0.12406343 -0.01392343 -0.02523248  0.03767838 -0.40290415 -0.23693743 -0.15173599 -0.25744358 -0.51882726 -0.12649758 -0.14406423  0.08495308
  -0.06622297 -0.02530773 -0.2079986  -0.17361747 -0.3661035  -0.5151791   0.20286135  0.1324968   0.43126506 -0.18199283 -0.22162819  0.11036288
   0.24096264  0.22993474  0.26657417  0.28080913 -0.17555314 -0.1119322  -0.09700388  0.3444453   0.05967709 -0.28146052 -0.08285763 -0.04376968
  -0.5615536   0.41790128  0.08120962  0.28786552  0.03337368  0.16761817 -0.4726714   0.07005545 -0.31502977 -0.38352564  0.2650423   0.4673903
   0.05744695 -0.12759158 -0.01006293 -0.011166   -0.00923653  0.34771788  0.04540314 -0.05158738  0.15830614 -0.25722748  0.19276738 -0.18025085
   0.8268074   0.26817912 -0.12744743  0.16066526 -0.25685686  0.1521762   0.15767898 -0.08085214  0.5642291   0.03503786 -0.0953356   0.33095104
   0.35985467  0.06744254 -0.4226643  -0.58133066  0.17925635 -0.04772227 -0.13575418 -0.05210003 -0.07356782  0.0874167  -0.2120224   0.14306827
  -0.0518355   0.15368775 -0.4115816   0.05565502 -0.04984082  0.41232806 -0.01727444 -0.11421844  0.00940545  0.17037186 -0.00752729 -0.32817623
   0.07992401 -0.42568928  0.446841    0.11743917  0.26093403  0.0404583  -0.26283878 -0.16678974]
 [ 0.6051617   0.26915678  0.6093624   0.42726073 -0.78940946 -0.2945653   0.14167967  0.3249739   0.10748472  0.04843506 -0.08666387 -0.37059563
  -0.0050604   0.18713722  0.47118878 -0.15347624 -0.31564328 -0.03008093  0.00237894 -0.4000833   0.04996182  0.11968856 -0.25094143  0.17831449
  -0.20759796 -0.13891608  0.12390186  0.06568018 -0.27639025 -0.08856776  0.13479589 -0.10159062 -0.6246099  -0.351017   -0.05893032 -0.00299738
   0.00449337  0.09985979 -0.34509155  0.1928207  -0.2765245  -0.18921551  0.4109751  -0.00922645  0.38689288  0.07986646 -0.33097482 -0.01794352
   0.12414178  0.14682019  0.3281046  -0.21959695 -0.2585573  -0.3134271   0.01954181  0.40235204 -0.4677912  -0.18013534 -0.00616555 -0.13600148
  -0.45566547  0.6263203   0.3674302   0.37853414  0.05712637 -0.21452142 -0.29412952  0.12313081 -0.20418715 -0.36098048  0.31378126  0.18762058
   0.06524882 -0.14777923 -0.21482798 -0.10657805  0.08702601  0.10078174  0.03380423  0.06749069 -0.23857135 -0.4413605   0.12374835 -0.29494312
   0.5146559   0.25493437 -0.14966728 -0.10369361 -0.33699366  0.27170882 -0.12899932 -0.27239883  0.2608558   0.37909564  0.10125338  0.21816897
   0.530727    0.21188334 -0.37938273 -0.38337874 -0.23700057 -0.17540474 -0.15148503 -0.30877063  0.04830643  0.03852222  0.09431475  0.02233188
   0.14431766  0.22290826 -0.29067597  0.05540723 -0.00626804  0.4862213  -0.01862633 -0.15439154 -0.11036611  0.08058178  0.24271919 -0.5496968
   0.42721662 -0.08121943  0.25489852 -0.14420319  0.269657    0.139071    0.14858544  0.2632604 ]
 [ 1.5678067   1.5891519   0.0692314  -0.72134984  0.00618682  0.15442108  0.05050372 -0.2850531   1.0643469  -1.2190708   0.809263    0.41624114
  -0.3211482   0.81406856 -0.6189553   1.3034873   0.3131537   0.7305447   0.01688349  0.88688225 -0.6506604  -0.65343016 -0.45765066 -0.9451566
   0.34407347 -0.31950334  1.2714388   1.1467885  -0.3811723   0.2510023   0.05097074 -0.3799017  -1.1457952  -0.88410974 -0.5255852   0.5999787
  -0.46045598 -0.1938035   0.26719958 -0.07137494 -0.7037562  -0.30433902 -0.48386526  0.15097773 -0.1750386  -0.389142   -0.4764881  -0.18931723
   0.02634364 -0.30776536  0.09811335  0.03044911  0.7787992   1.1075451  -0.19976804 -0.4114627   0.03449243 -0.54120785 -0.47334087  1.009597
  -0.42499503  0.5709333  -0.08295323  0.14735001  0.77950186 -0.372289   -0.29556134  0.0550395  -0.06984567 -1.1091696   0.20387998 -0.3891615
   1.0472935  -0.25340015 -0.47772372 -0.762683   -0.6165604  -0.40249494  0.12083272  0.25754064 -0.9600417  -0.38440508  0.10300055 -1.5462235
  -0.6758341   1.3074124   0.07861303 -0.31396964  0.29364836 -0.8920941   0.35741594 -0.40244424  0.2639203   0.60034394  0.6099259  -0.21456654
  -0.1412944   0.6074093   0.4548471  -0.8455845   1.215578    0.13447155 -0.05879905 -0.07914142  0.03155044  0.25100198 -0.5949486  -0.67008275
  -0.55122584 -0.9492528  -0.5169895   0.7590001   0.83136314  0.28236163 -0.6613406   0.53575873  0.16203007  0.17828728 -0.16043459 -0.47929353
  -0.03819485 -0.2619912  -0.22366916  1.0955739  -0.72096     0.39828634  0.35232985 -0.09776866]
 [ 0.73758364 -0.7375763  -1.0422988  -0.21682991  0.05661527 -0.27461985  0.8865265  -1.1086894   0.8075172  -0.2111978   0.30632088  0.9339494
  -0.07645866  0.3836734  -1.1780713   0.4439501  -1.273057   -0.6388081   0.9447114   0.4653317  -0.91240114 -1.2071582  -1.3534592   0.23441452
   0.61341023  0.27942976  0.9178783   1.0041907  -0.30678856  0.44207954  0.4706315  -1.049335   -0.2132508  -0.6825683  -0.03943796 -0.01081613
  -0.8670438  -0.04215807 -0.9866192  -0.43694878  0.33229038 -0.61291665 -0.9454899   0.63993746  0.18312764 -0.45908684 -0.7362442   0.8983545
  -0.5138306  -1.110471    0.7170488  -0.01927404  0.7372967   0.13242115  0.17877322 -0.7223958   0.38134247 -0.1590081  -1.3391737   0.8200481
  -0.5928976   1.0116094   0.4053521   0.05411987 -0.92991215  0.6763222  -0.09375273  0.28352144 -0.02889701 -0.7014796  -0.25138935  0.04891856
   0.60799587  0.44192785 -0.67836726 -0.9589171  -0.07329636 -0.61315846  0.56718194 -0.6132531  -0.36548817 -0.01920979 -0.76388866 -0.04615521
  -0.2374781  -0.05814527 -0.34780896 -0.02516241  0.8185853   0.34732458 -0.32249558  0.72248435 -0.06991032  0.62950563 -0.04280784 -1.0939373
  -0.20721631  0.9294652   0.8280622  -1.0683078  -0.01135665  0.08943314  0.28404874 -0.73207444 -0.00057593 -0.91374683  0.21002531 -1.0649627
  -0.19741216 -1.7678021  -0.8097539  -0.04080382  1.3050014   0.30297047 -0.58008456 -0.36322588 -0.504645   -0.5782343   0.26621073 -0.6344291
   0.78338796  0.9972853  -1.1523883  -0.37699506 -0.747365   -0.28199935  0.3032936  -0.4935699 ]
 [ 0.03370295 -0.05178894  0.37503025  0.08009581 -0.0434299  -0.02200015  0.08215776  0.16484265  0.1820424  -0.0054693   0.30885422 -0.2223457
  -0.14155173 -0.003475    0.13026187 -0.01651208 -0.09513189 -0.07550363  0.3220745   0.08091725  0.1865641  -0.06025194  0.11798934  0.0468865
  -0.19416852  0.1523941   0.10500458 -0.50247395 -0.19760889  0.45738158 -0.249033   -0.17138152 -0.29083502 -0.10242189  0.07058963 -0.44697928
  -0.0361051   0.42309776  0.4908083   0.25480086 -0.4257014   0.0516843   0.20692134 -0.25906602 -0.10222092  0.37147313 -0.23076925  0.31416807
  -0.2845044  -0.13197634 -0.08088028 -0.4578331  -0.18244667  0.22784221 -0.18244644 -0.03132146 -0.17341852 -0.36511654 -0.05945225  0.13456653
  -0.07280106  0.3488863  -0.06657717 -0.01941397  0.03347852  0.25579965  0.04279435 -0.06939326  0.12746131 -0.5624808   0.3646859   0.18826343
   0.07856704  0.3302461   0.074362   -0.00792922  0.04046638  0.16748321 -0.09765691  0.14461575  0.12761907 -0.14182082  0.1362889   0.19018394
  -0.09424786  0.01011477  0.2208254  -0.06227394 -0.24342383  0.00267505 -0.3496754   0.33001664  0.2296998  -0.27692357  0.04525834  0.20800973
  -0.03059451  0.00599858  0.27208996 -0.53135717  0.03864844 -0.13062859 -0.15630141 -0.07233934  0.16089559 -0.11379257  0.31861204  0.02387779
   0.00286976 -0.20203665 -0.07453191  0.1724415  -0.28720194  0.10484359 -0.56909865  0.03064403  0.3816105   0.38160846  0.50627863  0.15046062
   0.16195858  0.10731465  0.26858625 -0.23811172 -0.48806635  0.11805715  0.12349943  0.803596  ]
 [ 0.38747063  0.21528254  0.33338356 -0.58971256  0.12328757 -0.4645664   0.04921776 -0.14397897 -0.09823292 -1.4067395  -0.1268057   0.8625421
  -0.24682342  0.5036053  -0.9860414   1.9238558  -0.01916331  0.8480613   0.37840408  1.1916505  -1.3028594  -0.6204524   0.14208302 -1.0032623
   0.40128037  0.6861309  -0.26381022  0.3733209   0.65778774  0.4318398  -0.2576295   0.80339265 -0.5202681  -0.38895014 -0.86640537  0.24656177
   0.20841089 -0.64660114 -1.0871764  -0.50485754 -0.04809388  0.01006076  0.0254177   0.06470055 -0.5291275  -0.62948215 -0.2882612  -0.10287424
  -0.46618626 -0.71947837  0.47900617  0.12705913  0.17606288 -0.54432267  0.5691497  -0.8401818   0.6106256  -0.4818321  -0.38726506  1.1681905
  -0.39572054  0.0363726  -0.58457625 -0.9297461  -0.65780795  0.09756481  0.85656875  0.37121207  0.19160496 -0.45265985  0.9678846  -0.04330828
   0.50764394  0.12872332 -0.4359339  -0.74076945 -0.13975257 -0.29597583  0.8787417   1.338844   -0.99579924 -0.3270519   0.35829574 -1.2313999
  -1.1225771   0.14239897  0.1960763   0.3716617   0.9591542   0.13568145 -0.26636258 -0.56206685  0.21111608  0.1779618   0.66776305 -0.06701939
  -0.7396686   0.93383086  0.15604787 -0.8873577   0.2851842   0.06839536 -0.16410299 -0.43256006 -0.03523427 -0.07071209 -0.07617247 -0.43832514
   0.3258805  -0.47987175 -0.38754827  0.80130386  0.34457752  0.2946036  -1.644091   -0.03739563  0.60177726 -0.14281857  0.59546053 -0.8689549
   0.46019796 -0.35948172 -0.6740466  -0.00007945 -0.3232827  -0.24966326  1.4970642  -0.25520125]
 [ 0.00812457 -0.08200524  0.37803847  0.08215921 -0.03560827 -0.00527344  0.06785472  0.16575865  0.17534986 -0.01369716  0.30857548 -0.22394615
  -0.14672913 -0.00933221  0.12231521 -0.02789973 -0.1124983  -0.07104103  0.33901095  0.08540025  0.19564775 -0.05367452  0.11043076  0.04885153
  -0.2018958   0.18540731  0.09443109 -0.5094509  -0.19736563  0.44273144 -0.26661685 -0.18841414 -0.28401658 -0.10930568  0.06541547 -0.44289252
  -0.03287414  0.4297294   0.47820532  0.25012797 -0.43262443  0.05170757  0.21425362 -0.27115458 -0.10906783  0.35844776 -0.23146793  0.30612692
  -0.29758638 -0.13550575 -0.08663083 -0.46294075 -0.18154073  0.2255481  -0.19497226 -0.02809339 -0.1659521  -0.36778992 -0.05715853  0.14230753
  -0.07961991  0.3636701  -0.0721584  -0.00037472  0.02874503  0.24381132  0.03515872 -0.06684737  0.11529008 -0.5646773   0.36577812  0.18642159
   0.09281645  0.33773935  0.07200135 -0.016592    0.03309753  0.16467611 -0.09940448  0.15063742  0.12165392 -0.12407337  0.1349099   0.18337967
  -0.09664512  0.00444178  0.22743422 -0.07666817 -0.23363848 -0.00555798 -0.35712695  0.32976967  0.22100161 -0.29279074  0.02663143  0.20321064
  -0.02446487  0.00223477  0.25730723 -0.50786895  0.0360685  -0.12706494 -0.14035438 -0.05992377  0.16827886 -0.1097242   0.31911826  0.02296917
  -0.01317337 -0.19747153 -0.0831843   0.1671068  -0.29594037  0.09071924 -0.55090666  0.02651895  0.38368767  0.38568196  0.50022435  0.15736571
   0.16691458  0.12636088  0.25543484 -0.22222269 -0.492938    0.12315094  0.09691751  0.79945993]
 [ 0.7673158  -0.7977658  -1.0483925  -0.18831927  0.03707904 -0.30062607  0.8912929  -1.1323557   0.75042194 -0.17753384  0.32876787  0.88403434
   0.01546624  0.35317883 -1.163152    0.45251012 -1.3578436  -0.6005627   0.9307041   0.44509375 -0.86661476 -1.2005781  -1.3406048   0.21219945
   0.6428085   0.28389096  0.9243153   0.9416418  -0.29206952  0.38650742  0.46350366 -1.0764558  -0.23657118 -0.7225867  -0.04187962 -0.05769583
  -0.8994212  -0.05118927 -0.920152   -0.3905587   0.34133288 -0.61597127 -0.9759718   0.6197326   0.19217196 -0.35565153 -0.80120736  0.9108343
  -0.50345725 -1.1203644   0.74294513 -0.00462345  0.64686716  0.10093933  0.16742134 -0.6982283   0.32423323 -0.22654416 -1.3424197   0.83972335
  -0.6478178   1.0844539   0.45550516  0.0231991  -0.9191165   0.7870856  -0.17913142  0.2887673  -0.00602962 -0.66396475 -0.24864829  0.10172611
   0.6468636   0.41365176 -0.6646733  -0.957138   -0.09404682 -0.6530931   0.5259927  -0.67484075 -0.33912295 -0.06518058 -0.7579587  -0.02605838
  -0.19489974 -0.08090381 -0.28818765 -0.12045255  0.75431     0.37159252 -0.2920785   0.71729994 -0.0433802   0.6409653  -0.03274041 -1.0713254
  -0.22085878  0.8655798   0.8683172  -1.0614363   0.05589623  0.09132265  0.24161725 -0.6999185   0.00986069 -0.93456364  0.1632087  -1.120421
  -0.26345992 -1.7448465  -0.7754347  -0.09409469  1.3687521   0.2852401  -0.60574436 -0.35546848 -0.46944106 -0.57268244  0.15506457 -0.5960811
   0.7320077   0.991687   -1.1321266  -0.3224683  -0.76279926 -0.2349968   0.21535912 -0.4770354 ]
 [ 0.4713704   0.46428502 -0.40812644 -1.2352402   0.23367128  0.20724648  0.6723316  -0.915197    1.2666105  -0.53841966  0.94775206 -0.3596513
  -0.01283335  1.2742858  -0.21580847  0.73171836  0.770732    0.8291452  -0.21034394 -0.04755062 -0.5885048  -0.69085044 -0.5582725   0.2254058
   0.4753557  -0.4930032   1.2638954   1.1842289  -0.2983436   0.8083778   0.884531   -0.5403573  -0.6129786  -0.70982265 -0.19155286  0.19051461
  -0.5944069  -0.07497381 -0.4745575   0.6841095  -0.58619225 -0.67346704 -0.35809067  0.5895674   0.23742008 -0.3791699  -0.12251529 -0.12079301
  -0.14683285 -0.33221605 -0.49433002 -0.7288334   1.0694188   1.1282482  -1.0067326  -0.5657129  -0.19165978  0.0416354  -1.182509    0.7324069
  -0.4113922   0.28927436  0.10777102  0.45297182 -0.21359257 -0.28980508 -0.5740859  -0.7631186   0.5232035  -0.62322754 -0.44368792 -0.21865055
   0.8355035   1.390342   -1.3747475  -0.545756   -0.02883536  0.08202221  0.00595522 -0.00560834 -0.69531757 -0.4658894  -0.21672107 -0.65856963
  -0.6645835   0.71639955 -0.17190145  0.02762755  0.39488918 -0.73138916 -0.15092058  0.00097142  0.7008457   0.31564695  0.37049913 -0.76265675
   0.00289142  0.7714296   0.7644589  -0.24146685  0.8391191   0.521132    0.04925185 -0.02326456 -0.71319234 -0.7301241  -0.4338138  -0.8339404
   0.28849775 -1.0085651  -0.8671113   0.6004803   0.5582649   0.21752049 -0.61827385  0.28881225  0.90000993 -0.7891823   0.5122072   0.37554535
  -0.05850507  0.34737298 -0.33555818  0.3794616  -0.55466497  0.558231   -0.41767105 -0.0787748 ]
 [ 0.81199545  0.1500599  -0.7588935  -0.46405134  1.2189193  -0.16033413  0.71639967  0.4256656   1.4976884  -0.2542897   0.33902675 -1.0419269
   0.74467546 -0.16680674 -0.75824547  0.00566629  0.8857472  -0.8172304   0.3180089   0.7543453  -1.2506199   0.20348719 -0.52447915  0.77392226
  -0.16442242  0.05245177 -0.04668152  0.04587853 -0.17020129  0.00778169  0.31845668 -1.4966604  -1.1573642  -0.17740902 -0.343399    0.5750548
  -0.46716708 -0.28429615  0.52492553  0.93234324 -0.07522649 -0.67629105 -0.5801103  -0.0324017   0.22646515  0.3958245  -0.46325696 -1.0929967
   0.22704192  0.06729253  0.58252543 -1.1072009   1.0527653   0.26471812  0.31209204 -0.53425336 -0.7554332   0.78623515 -0.40959603  0.41776705
  -0.89734596  0.853155    0.881038   -0.8062438  -0.5443249   1.1124555  -0.41255924 -0.47509435 -0.67894596 -0.24124846 -0.325826   -0.08204774
   0.52330834  1.1930851  -0.8775512  -1.3396828   0.7570432   0.38482824 -0.3993117  -0.3090262   0.06985004 -1.4525625   0.47632638 -0.712189
  -0.21468177 -0.37619004 -0.6728322  -0.33693913  0.5171276   0.02871958 -0.34581348  0.7350063   1.244666    0.54148304  0.6746206   0.2081572
   0.24248855  0.58013487 -0.2740231  -0.7295796   0.32439736  0.9755015  -0.20760325  0.05837891 -0.49495074 -1.1973574  -0.11743852  0.08391515
   0.6483023  -0.38965765 -0.9909122  -0.02472465  0.73099774 -0.53843725 -0.90824425 -1.050771    0.8654777  -0.05096405  0.77877504  0.49745736
   0.83649766  0.623799   -0.3000946   0.49006256 -0.5824079  -0.56192845 -1.0527307  -0.04580838]
 [ 0.8481596   0.7119629  -0.60676026  0.06574241  0.5804348   0.99266523  0.00297805 -1.0178645   0.7611583  -0.92086923  1.0745109   0.45347247
  -0.75181305  0.47416574  0.04332073  1.04772     0.04366853 -0.10440621 -0.35046858  1.0612377  -0.42379197 -0.9398599  -0.46415666  0.68460315
   0.78512645 -0.31884658  0.32679313  0.41438177 -0.70182234 -0.18014848  0.04957238  0.07099645 -1.1797872  -1.3205875   0.41558173 -0.6334636
  -0.5286271  -0.63718253  0.10644037 -0.58430356  0.43308866 -0.07273727 -0.31526303  0.18103357  0.38879645 -1.1373485  -0.16105735  0.49622798
  -1.0349567   0.01046483  0.31005737  0.34293115  0.6846075   0.45591235  0.22150367  0.45542577 -0.02416109 -0.50092596 -0.80515736  0.05305957
  -0.8593958   0.3638591   0.6950936   0.7419513  -1.1060979   0.58480316 -0.11273965  0.5580989  -0.8713848  -0.13535473  0.13284226 -0.5656606
  -0.11348706  0.69195205 -0.98376554 -1.1980871  -0.7484826  -0.14312401  0.7425971   0.8090682  -0.2306502  -0.16183694  0.36351076  0.57845014
  -0.9335137   1.2867972  -0.7595316  -0.12704064  0.40295148 -0.22413284  0.48006198 -0.46170896  0.8593483   1.0246361   0.74817723  0.07200249
  -0.52773875  0.2507298   0.66982913  0.18655327  0.47388768  0.18725128  0.43613973 -0.23097655 -0.17738613 -0.26451394 -0.8416496  -0.14125447
   0.3108916  -0.07544862  0.08037911  0.11100995  0.2299429  -0.44423732 -0.45468903 -0.38051587 -0.23163308  0.2720638   0.2834475   0.41520447
  -0.3899321   0.44693622 -0.6967372  -0.14708453 -0.89789826 -0.06277803  1.0033367   0.5063605 ]
 [ 1.057376    1.3167021   0.7797352  -0.9302497  -0.3732834  -0.14003696  0.35438496  0.26701063  0.49683222 -1.1811758   0.57384175  0.20839219
  -0.55527866  1.0801791  -0.2386618   0.9081611  -0.24106127  0.56435144  0.1500286   0.5250867   0.07739685 -0.40997177 -0.2295938  -0.70996445
   0.42436332 -0.42570913  1.6346047   0.45394453 -0.8599433   0.11714417  0.12062205 -0.24048945 -0.84850156 -0.80160207 -0.65178293  0.6400718
  -0.08507574  0.05296282  0.3338165   0.17461266 -1.1628793  -0.24446703 -0.4343831   0.15571503  0.20333798  0.07055878 -0.7635228  -0.77771395
   0.45875537 -0.79418653  0.9646764   0.40842804 -0.126881    1.2900753  -0.4598961   0.08245331  0.21163279 -0.67408305 -0.18583062  1.006452
  -0.23985557  0.6074682   0.4786301   0.62942255  0.1720349   0.5380121  -0.45783338  0.44657704 -0.14040989 -0.6461226  -0.10249809 -0.07206541
   1.0398287  -0.22047037 -0.5735711  -0.5965553  -0.83241075 -0.18147674  0.05702223 -0.44804353 -1.0328978  -0.51588553 -0.5577163  -1.2336454
  -0.96074575  1.2429566   0.73660105 -0.40870705 -0.02476089 -0.7992239   0.9191025  -0.8520932   0.21240145  0.8051509   0.26970083  0.20681144
  -0.7453761   0.03321169  0.2098258   0.06372799  0.5613137  -0.4722633   0.01601361  0.7722147   0.6252007   0.722189    0.03980559 -1.0088838
  -0.90990555 -1.2099725  -0.18081604 -0.15172589  0.52270585  0.41076413  0.112633    1.0791923  -0.3985664   0.27927822  0.27780706 -0.9805688
   0.18594676  0.27960065  0.07014173  0.5900341  -0.8087198   0.20599395 -0.09907474  0.34955823]
 [-0.04172288 -0.35087904 -1.2309626  -0.7656308   0.6466985  -0.00115192  0.5972915  -0.34657255  0.21012013 -1.4630693   0.71174276  0.3567616
  -0.6652536   0.70766306  0.29076844  1.5847797  -0.68873847  0.78357685 -0.24428584  0.40394053 -0.1251519  -0.46258274 -0.56529593  0.18837006
   1.030311    0.7009855   0.26602027 -0.31593746  0.48875615  0.5654206  -0.62567574  0.0753938  -0.1964148  -0.42665777 -0.93581706  0.06913555
   0.3074659  -0.30165148 -0.8283189   0.76246214  0.37723067 -0.84226745 -0.41889843 -0.2540733  -0.03443161 -0.9476497  -0.83280003 -0.07926894
  -0.4722343  -0.6143492   1.060293    0.11071742  0.38404968  0.7330939  -0.38924372 -0.23904327  0.0635238   0.6340292  -0.7786563   1.1456082
  -0.21334183  0.8616861   0.30840865  0.12961912 -0.19168144  0.1809961   0.20349164  0.63743126  0.3103896   0.7110254   0.0513415   0.0201153
  -0.01446908  1.4956682  -0.6740355   0.16902943  0.6197351  -0.2870089   0.43696392 -0.14693797 -0.05047892 -1.0981958   0.568455   -0.47053325
  -0.01213735 -0.4243595  -0.83564025  0.42925036  0.55023485  0.06695271  0.8898993   0.2728214   0.47477642  0.51780283 -0.12891813  0.6732348
  -0.06315708  0.28917983  0.22210546 -0.29239523  0.13866396 -0.7093063   0.08757265 -0.25739393  0.2485987   0.17466721  0.36164197  0.37121987
   0.4885625  -0.36742553  0.4111219  -0.80321807 -0.29883987  0.28345826  0.02834168  0.0789602  -0.02773655  0.44994742  0.87243235  0.09288466
   0.4396585  -0.0570501  -0.98212194  0.11021342  0.15923917  0.04836688  0.70188004  1.0394406 ]
 [-0.12858862  0.6276085   0.08066716 -0.00881857  1.447023    0.4277147   0.12455738 -1.0247037   0.12611121 -0.7570575   0.52657276 -0.19363414
  -0.29265887  0.24754743 -0.24403252  1.4375826  -0.35122058 -0.6323083  -0.19445401  0.5638255  -0.88510764 -0.8203547  -0.9156977  -1.0630349
   0.5644355   0.8985403   0.37042427  0.01052872  0.597648    0.14256872 -0.61998993 -0.25023535 -0.13357826  0.19533847 -1.0651839   0.24893671
   0.8194333  -0.36389416 -0.08752875 -0.36918998 -0.26309773 -0.3510965  -0.39235634  0.13893324 -0.6783842   0.0191307  -0.25799638 -0.7965703
  -0.7659563   0.08439698 -0.23077525 -0.06821796  0.47944155  0.21557555 -0.3368727  -0.13101706  1.3774755  -0.08599738 -1.1668193   0.95897144
  -0.50288236 -0.10962407 -0.06458183 -0.45301783 -0.42654634  0.87352747  1.0344069   0.35072827 -0.37485623  0.45254356 -0.3017609   0.0198897
   0.45517865 -0.2848022   0.38956103 -0.9258004  -1.3171675  -1.0008962   0.26507023  1.0424379  -0.17728448 -0.5868971   0.78951055  0.0260742
  -1.1949002   0.62739915  0.08024993 -0.7890225  -0.24600643  0.22396778  0.7428825  -1.0507314   0.31607485  1.2941941   0.33783802  0.29894048
  -1.2792926   0.73484063  0.9059123  -0.07195564 -0.08427575  0.4005525  -0.00014162 -0.39704335  0.28757742  0.23307256  0.02525034 -0.12502524
  -1.2690018  -0.7448519  -0.18091647 -0.65014505  1.1515725   0.9449014  -1.6371884   0.26397613 -0.08630953 -0.93761456  0.5998267  -1.5541224
   1.0688558   0.03704658  0.14791092 -0.52648026 -1.8694425  -0.21703242  1.1627795   0.5351142 ]
 [ 0.94331366  0.42438257 -0.86885124 -0.42764017  0.18378362 -0.6878554   1.278232    0.15394682  0.4941997  -0.82761693  0.4181495   0.84463793
  -0.8295068   0.13850251 -0.23253109  1.080153   -0.7669139  -0.04567337 -0.3672655   0.8541604  -0.0601351  -0.24421208 -0.39583167  0.4314314
   0.47166377  0.7084881   0.2362756   0.02530108 -0.9812912   0.56111115 -0.45011744 -0.72281265  0.27760085 -0.69733304 -0.27576584  0.8490264
   0.11185053 -0.47906905  0.36687627 -0.22262433 -0.4527011  -0.45706093  0.67499465 -0.01657053 -0.04723857 -0.05324224 -0.8265759   0.3693121
  -0.42244336 -0.46016526  0.8176402   0.03399543  0.42282727 -0.01010314  0.9230639  -0.98784447  0.27310726  0.24667613 -0.6634111   0.7920312
  -0.917481   -0.14784923  0.5134127   0.05059921  0.37734443  0.89388096 -0.36402157 -0.42615673  0.23775983 -0.7986109  -0.24964687 -0.23510616
   0.25789264 -0.00092016 -0.4289333  -1.4867952  -0.21003745  0.17499913 -0.35510686  0.07190946 -0.34554416 -0.6266447  -0.74418914 -0.29833806
   0.1329575   1.1626563  -0.5609819  -0.02974336  0.59515864  0.5427742   0.44090766 -0.14863013  0.60334057  1.3831453   0.33127666 -0.25422943
   0.41399607  0.4018782   0.44106844 -0.6497966   0.57419664  0.64549696 -0.20885782 -0.5032908  -0.6032612   0.27840683 -0.04568416 -0.10201545
   0.2982622   0.13592573 -0.7909197   0.14988917  0.45121083  0.583196   -0.34100538 -0.75784755  0.43186942 -0.5797566  -0.26171628  0.14368892
   0.9713667   0.05968989 -0.5427623  -0.39878345 -0.10734614 -0.05307805  0.17238365  0.6501813 ]
 [ 1.1628984   0.90659696 -0.42562416 -0.55411196  1.1196755   0.3141127   1.3927186  -0.21465401  0.7573852  -0.22378838 -0.29752645  0.66912985
  -0.36042038  0.56711245 -1.5808172   1.4817549  -0.4006772  -0.33674294  0.8065349   1.3097658  -1.0127273  -1.430674   -1.9756936  -0.17244335
  -0.26034257  1.1689191   0.98482907  1.5602229  -0.3815642   0.00887572 -0.4675051   0.02576959  0.01689371 -0.67574984 -0.6399308  -0.17938045
  -0.32273448 -0.4398204   0.38187146  0.160077   -0.31156078 -0.19759119 -0.7617682   0.47077975 -0.24770784  0.1304404  -0.38840258  0.2353688
  -0.5299843   0.4530375  -0.8315854   0.21425869  1.1685535   0.37276042  0.01430809 -0.9510368   0.8076931  -1.2177379  -0.8090035   1.3728768
  -0.2607756   0.73462445  0.09353854 -0.46309438  0.2094672  -0.13692982  0.30958518  0.16172536 -0.38176283  0.46763775  0.07233587 -0.42764944
   0.9266604  -0.09607664 -0.16132481  0.00154951 -0.89123    -1.1481279  -0.9089433  -0.07849558  0.17716917 -0.16137038  0.45798767 -0.74201727
  -0.43079892  0.5067106  -1.2752542  -1.732728    0.19980279 -0.40302423  0.6570678   0.0983874   0.7562754   1.3092824   0.34428993 -0.21012695
   0.25022998  0.28273293  0.03726885 -1.1897597  -0.06233837  0.4404077   0.7412984  -0.37247226  0.08515046  0.4957457  -0.6186283  -0.2484431
  -1.1346947  -1.0575153  -1.179321    0.1748148   0.71304435 -0.01280467 -0.3155333   0.33552802  0.5778237  -0.4983867   0.22617231 -0.5075775
   0.88470966  0.41972435 -0.91337585  1.0712729  -0.5006263  -0.26229715  1.7815311  -0.22048116]
 [-0.11773579  0.67750275  0.03670326 -0.01688032  1.423021    0.38464123  0.06611002 -1.0398957   0.13321953 -0.7400121   0.55512094 -0.21036728
  -0.24026413  0.22980307 -0.27285177  1.3562968  -0.3407768  -0.67601335 -0.14253442  0.5628194  -0.8551977  -0.79237986 -0.8884122  -1.0416157
   0.564899    0.93558675  0.34090847 -0.00475685  0.6503144   0.16892804 -0.6197198  -0.20546101 -0.17523159  0.21311034 -1.1252384   0.29628974
   0.75316393 -0.3301825  -0.15728123 -0.34390336 -0.2854802  -0.36641115 -0.3983543   0.08850608 -0.66496223 -0.01551052 -0.3376796  -0.7501444
  -0.7363379   0.04121988 -0.17421237 -0.1038463   0.46288913  0.18956766 -0.32019445 -0.17495133  1.381532   -0.0646036  -1.1632309   0.9845927
  -0.47417474 -0.06673408 -0.06291919 -0.4555698  -0.41992518  0.8958539   1.0388128   0.34240347 -0.3655228   0.4703824  -0.26446477  0.03513731
   0.4698531  -0.25451747  0.4461636  -0.8466236  -1.259352   -1.0196702   0.2512848   0.99425864 -0.16559018 -0.57080436  0.83107233 -0.0097032
  -1.1397039   0.58362025  0.05855295 -0.7602448  -0.18562421  0.28394204  0.77709985 -1.0267783   0.2940053   1.3058348   0.255183    0.33816049
  -1.2510469   0.7677231   0.91025573 -0.10652348 -0.10993717  0.38986632  0.02145124 -0.40752125  0.31431016  0.2191492   0.0467139  -0.07941455
  -1.1920928  -0.7773693  -0.17362207 -0.6503022   1.1320325   1.0109705  -1.5701065   0.25586733 -0.1222537  -0.9704956   0.59450114 -1.5659374
   1.1769918   0.04674506  0.14829993 -0.53608537 -1.8424383  -0.19693442  1.1156533   0.51373404]
 [ 0.4366096   0.69116384 -0.29861528  0.5589399   0.46769288  0.10736106 -0.304777   -0.8262049   0.21191254 -0.57122934  0.7442438  -0.42897162
   0.6594044   0.00994323 -0.30715457  0.7527689  -1.1324096   0.3789092   0.5024033   0.8055698  -0.0624071  -0.18160921 -0.968665   -0.7427971
   0.1858325   0.9995472   0.0418309   1.5057104   1.1338897   0.90219116 -1.4005482   0.28393927 -1.0609936  -0.4105864  -1.1548432   1.352711
  -0.20214912 -0.19191201 -0.26756132  0.13918312 -0.3027601  -0.11840322 -0.41416386  0.00722546  0.4203738  -0.61987704 -1.3891004   0.5778886
  -0.25578943  0.18109073 -0.63565373 -0.59581465  0.41000238 -0.00672482 -1.1434238   0.2124425   0.57317495 -0.1798487  -0.47555402  0.8535286
  -0.6690734   1.2674452   0.27051118  0.38868994  0.96247774 -0.34645495  0.20390826 -0.5305763  -0.23106566 -0.47861338  1.0061277  -0.3384104
   0.9061973  -0.28913248 -0.17161697 -0.9957005  -0.30336007 -0.81499517 -0.33630705  0.6900433  -0.38579482 -0.22407787 -0.08088613 -0.6889473
   0.33825514  1.025768   -0.66836935 -0.504723   -0.00488464 -0.32580736  0.2888655  -1.293823    0.02844296  0.52309334  0.37381575  0.42431417
   0.48356447  0.588345    0.880618   -0.70048696  0.8535776   0.39012253 -0.24653961 -0.631519   -0.23936969  0.18629369 -1.333965    0.23004386
  -0.01570442 -0.1531848  -0.01725313  0.06308833  0.7734328   0.9157253  -0.9581641   0.38603386 -0.17769513 -1.1513168  -0.8549945   0.28587392
   0.398236   -0.92936736  0.0682749   0.14880958 -1.0867345   0.83732355  0.9349505   0.6170871 ]
 [ 0.40063232  0.6673242  -0.32336628  0.5577072   0.52315193  0.09584696 -0.30981913 -0.8232618   0.15131843 -0.5611588   0.7645951  -0.3758086
   0.6879774   0.00698986 -0.3237287   0.75800747 -1.1738619   0.4081441   0.5022121   0.83840895 -0.04829893 -0.18287842 -0.97757643 -0.7673665
   0.21025422  0.99809265  0.04326509  1.5296752   1.1220762   0.8830651  -1.4219667   0.25417185 -1.037976   -0.47300342 -1.1202116   1.337198
  -0.22576825 -0.24300422 -0.2584427   0.1645272  -0.2811785  -0.0997608  -0.36403134 -0.06258611  0.42963725 -0.62971544 -1.3897827   0.5951747
  -0.29619986  0.18277697 -0.6026199  -0.59576607  0.41294673  0.00908103 -1.1555306   0.19028726  0.5496132  -0.17929266 -0.48258218  0.88179344
  -0.6656103   1.2845716   0.28616828  0.4209303   0.9723034  -0.3453632   0.189401   -0.5256563  -0.19729601 -0.47233927  0.9799297  -0.3565697
   0.9404051  -0.31470433 -0.16610537 -0.9667154  -0.26282015 -0.7656037  -0.35420454  0.7062521  -0.43029773 -0.22987522 -0.08145665 -0.73985165
   0.34832826  0.99496204 -0.6832437  -0.47537524 -0.01548713 -0.3456968   0.28193238 -1.2928616   0.06282463  0.5464101   0.42812672  0.40547836
   0.52470225  0.57558715  0.8890946  -0.737049    0.85650235  0.40768784 -0.26585588 -0.64362097 -0.24167308  0.18243915 -1.3237345   0.19247079
   0.00235082 -0.14587766  0.00632611  0.06676042  0.786753    0.937703   -0.947138    0.3871363  -0.13216993 -1.1154518  -0.8747285   0.2908695
   0.37958327 -0.91951686  0.09302124  0.19246548 -1.0362206   0.8582334   0.95321006  0.5945982 ]
 [ 0.97734636  0.42150337 -0.90094376 -0.3662864   0.1794339  -0.6945878   1.1969137   0.15739775  0.36657307 -0.7199106   0.34307694  0.9278908
  -0.79729533  0.03028905 -0.30531847  1.1139643  -0.7289343  -0.131355   -0.39638966  0.8935661  -0.1341198  -0.2912863  -0.3656938   0.37660578
   0.5306347   0.68795264  0.11547445 -0.01313021 -0.91664225  0.5884917  -0.50404847 -0.6247339   0.22261918 -0.7037621  -0.32085308  0.78982174
   0.12566742 -0.53001475  0.35981727 -0.29307926 -0.41507906 -0.4033898   0.66309565 -0.06898319 -0.1033055  -0.06684826 -0.8395987   0.4367821
  -0.5428709  -0.45968455  0.8113417   0.02569693  0.4465802  -0.03513284  1.0477291  -1.0504465   0.27520195  0.19309506 -0.6718373   0.82450145
  -0.89229566 -0.20632172  0.40896228 -0.07453874  0.33931231  0.8484139  -0.26012614 -0.39225197  0.1778467  -0.8308329  -0.17147219 -0.2639901
   0.16227478 -0.01728963 -0.33794534 -1.4688056  -0.21456367  0.13463011 -0.308472    0.2035501  -0.2725285  -0.6236056  -0.70189404 -0.25017488
   0.06560251  1.2072192  -0.6629444  -0.02538601  0.5636405   0.55012697  0.4260817  -0.0667798   0.57876605  1.3999811   0.3456201  -0.24086493
   0.34708065  0.38844576  0.4812629  -0.669457    0.588787    0.648548   -0.22215596 -0.58435494 -0.63436294  0.3288522  -0.07044411 -0.10587123
   0.28273332  0.18957669 -0.73552316  0.21694234  0.477984    0.5497379  -0.4083559  -0.82006603  0.41703534 -0.54144657 -0.2682209   0.1945643
   0.982665    0.02669931 -0.62259173 -0.3996666  -0.14601362 -0.08766046  0.2969687   0.6162183 ]
 [ 0.9970328   0.43298793 -0.88705444 -0.47755572  0.13664566 -0.669799    1.247802    0.19756585  0.47199008 -0.878238    0.3597185   0.9286617
  -0.8443543   0.1732938  -0.28281286  1.0725695  -0.7037664  -0.04201406 -0.34226424  0.8838402  -0.07895116 -0.24329421 -0.333286    0.44481826
   0.44846892  0.6720673   0.17986298  0.0377955  -1.019539    0.54073375 -0.3887437  -0.68997955  0.2730342  -0.727208   -0.25848463  0.7570206
   0.08680221 -0.48814246  0.3007085  -0.20752114 -0.4898265  -0.3789144   0.6552391  -0.06615283 -0.1021252  -0.09760237 -0.83136344  0.43210253
  -0.41114804 -0.5060515   0.8591277   0.05686009  0.38063565 -0.05018084  0.9680528  -0.965175    0.27363047  0.23451164 -0.60014516  0.7719734
  -0.8857844  -0.19978628  0.47210112  0.00849571  0.3265792   0.8867236  -0.35097146 -0.4114916   0.23063537 -0.7944084  -0.21232367 -0.195536
   0.22447772 -0.01996569 -0.40642938 -1.4220287  -0.11873195  0.17265706 -0.30388185  0.0427292  -0.42194647 -0.51480407 -0.7255063  -0.325546
   0.07481927  1.0873096  -0.52555114 -0.03208573  0.6580278   0.5764151   0.39516768 -0.15960152  0.56557477  1.2825938   0.32015365 -0.24611136
   0.40628687  0.38725826  0.40991578 -0.61889696  0.54770523  0.6600851  -0.1565454  -0.45612696 -0.5939542   0.29003945 -0.03026918 -0.12653105
   0.39809224  0.12708147 -0.77106804  0.16585752  0.43022323  0.5954125  -0.35385796 -0.82012564  0.49476844 -0.59594417 -0.25145394  0.16034871
   1.0386344   0.1055254  -0.5722132  -0.4180284  -0.10654104 -0.07761507  0.23173968  0.6905612 ]
 [ 0.7288056  -0.75336474 -0.98938996 -0.1923781  -0.01894663 -0.34868482  0.87095535 -1.1027999   0.7180099  -0.14121015  0.2683226   0.9613158
  -0.03586695  0.3404524  -1.1673379   0.4241776  -1.2743847  -0.67217886  0.9855159   0.47371614 -0.87706715 -1.1765728  -1.3394092   0.27970648
   0.62274     0.2735406   0.8753775   0.9613396  -0.3170266   0.43790764  0.4572073  -0.9738884  -0.22264692 -0.70514995 -0.04367261 -0.04947764
  -0.89352214 -0.04784103 -0.9715722  -0.45503205  0.3112686  -0.5880278  -0.94499046  0.63723433  0.22281586 -0.43956256 -0.7816456   0.93137336
  -0.4885382  -1.1548524   0.7125433   0.00653766  0.6875396   0.11181773  0.1502515  -0.71273416  0.38839856 -0.22588567 -1.3303118   0.80576354
  -0.58209074  0.98490834  0.42670205  0.04380768 -0.95708895  0.80308187 -0.13308898  0.23938815 -0.02334843 -0.7147621  -0.21668088  0.10086582
   0.6051203   0.44585058 -0.6757745  -0.96101516 -0.09189937 -0.6464256   0.5487801  -0.6497301  -0.31592828  0.01950741 -0.71453834 -0.00239991
  -0.2727879  -0.03354165 -0.3133254  -0.07560478  0.8462347   0.37193725 -0.2899627   0.6824764  -0.06304674  0.6106343  -0.06265946 -1.0468167
  -0.24858007  0.84476155  0.8189237  -1.0185586   0.00648728  0.0793681   0.32098293 -0.6599866  -0.02779011 -0.89706695  0.20159858 -1.0212914
  -0.18675762 -1.7300844  -0.82341194 -0.03582444  1.2744825   0.24863021 -0.5456066  -0.3768165  -0.47668314 -0.62290853  0.2102359  -0.564182
   0.7533047   0.9906335  -1.1638544  -0.3775986  -0.71183974 -0.28459638  0.27607313 -0.48126993]
 [-0.2187664  -0.408685   -0.7628668  -0.27759188  0.7964331  -0.16097195  0.10244025  0.48636916  0.4816558  -1.1615925   0.10854984  0.7483335
   0.00777394 -0.30104813 -0.17426033  0.20773219 -0.555828   -0.7929271   0.49342003  0.83951765  0.2583565   0.28564516  0.2709031  -0.11941846
   0.94152987  0.541469   -1.0568162   0.46709388  0.4583873   0.578211    0.3457999  -0.3187924  -0.43164808 -0.59154314 -0.9846016   0.16633198
  -1.2438234  -0.5918627  -0.9127688   0.33580524 -0.98209786 -0.0637849  -0.04656628 -0.24093296  0.638605   -0.36144194 -1.081475   -0.00158814
   0.06094713 -1.1499971   0.22580996  0.009596   -0.16493125 -0.34199753 -0.98517984  0.5259043   1.1751018   0.15335554 -0.86149704  0.13322408
  -0.7727447   0.733855   -0.2736807   1.212654   -1.0042019   2.024931    0.23785181  0.3483771   0.33376107 -0.23968104  0.14848106 -0.32246354
   0.46681356  0.63639235 -1.282646   -0.22334239 -0.30818182  0.02764331  0.9273081   0.07579782 -0.86870795 -0.43009964 -0.6153961  -0.55909777
  -0.38878638  0.07939018  0.07900505  0.6063126   1.4421377  -0.14012899 -0.08847928 -0.8983995   0.3363399   0.21774238  0.26387432  0.04667522
  -0.50160104  0.12136088  0.4143205  -0.2967726  -0.06438658  0.7938616   0.09975632  0.0923452  -0.48263237  0.17764816  0.87727106 -0.37317684
  -0.019675   -0.70634025 -0.33285657 -0.6404354   0.2245364  -0.04877538 -0.41044775  0.1756504  -0.1785748  -0.86183476  1.5281699  -0.275719
   0.90569246  0.52421004  0.17922376 -1.2067156  -0.6792563  -0.95142096  0.3949567   0.38333687]
 [ 0.01395695 -0.00918576 -0.65073997  0.47559032  0.7837682  -0.7547925   1.5470192  -0.37181714  0.52688557 -1.2752558   0.2240205  -0.21308562
   0.5233494  -0.8376109  -1.2784785   0.23725998 -1.3148407  -1.3405164   0.33876932  0.35277572  0.41738462  0.5921902  -1.0785494  -0.06736525
   0.34238383  1.0466644  -0.33919427  0.48126894  0.40663114  1.4685459  -0.69356245 -0.9292265   0.2265963  -0.42837316 -0.9767215   1.5946604
  -0.16153166  0.21485902 -0.23475647 -0.36698154 -0.8442685  -0.79876083  0.01339709 -0.40162078  0.35258213  0.20148627 -2.1319041   0.62237734
  -0.15576735 -0.2717401  -0.15404154 -0.599496    0.48311985 -0.24335395 -0.82216924 -0.56352276  0.37099296  0.51043564 -0.74518996  0.6371348
  -0.8298557   1.2936875  -0.31626987  0.5791924  -0.04216967  0.18269716 -0.49823254 -0.57003576  0.10665032 -0.6270928  -0.05168818 -0.18981585
  -0.03598087 -0.2929365  -0.42048037 -1.2399625  -0.41927713 -0.5288939  -0.22504252 -0.18521814 -0.00358444 -0.9975726  -2.0445971   0.1560357
   0.677143    1.2952273  -0.6656841  -0.3718216   0.5490168   0.55788845 -0.2704329  -0.7147938  -0.31006372  0.95296115 -0.3363127  -0.68270785
   0.54302096  0.46682554  1.3162832  -0.80447453  0.83269054  0.61208576 -0.658727   -0.6268623  -0.4109172   0.56938195 -0.22872122  0.07288952
  -0.7231563  -0.8721973  -0.8618715  -0.37078974  0.55655444  0.7967017  -0.76184857 -0.56681806 -0.31242386 -1.1360348   0.2975447  -0.07651854
   1.3761566   0.00299541 -0.3937862  -1.6072861  -1.421133    0.21334428  0.1412988   0.45528546]
 [ 0.8740981   0.41436744 -0.86502254 -0.5530546   0.04097915 -0.713384    1.1692067   0.2813898   0.42799917 -1.0618575   0.37204105  0.9821324
  -0.82236886  0.224616   -0.19758417  1.0912641  -0.70738477  0.12609147 -0.3090648   0.8258438  -0.05683097 -0.13085738 -0.17234486  0.3629802
   0.4488277   0.5750756   0.24198878  0.03564807 -0.93602055  0.55050904 -0.39439645 -0.7123219   0.31076664 -0.77491224 -0.28795606  0.8466356
   0.03681445 -0.43631396  0.25262666 -0.14986382 -0.5818712  -0.3377144   0.6439875  -0.08344971 -0.08152642 -0.11861222 -0.89177626  0.36673433
  -0.27572882 -0.6639009   0.92576945  0.058509    0.32443857 -0.02282735  0.8159183  -0.84298956  0.2530017   0.27495217 -0.5398336   0.75436056
  -0.8174352  -0.15163228  0.5005448   0.1344191   0.4506457   0.88153654 -0.43396118 -0.4987199   0.42552355 -0.83721447 -0.25472748 -0.20437385
   0.29324242 -0.01877884 -0.42279088 -1.3496464  -0.02172329  0.19655629 -0.24479122 -0.09285057 -0.55406934 -0.4755647  -0.77216434 -0.4412878
   0.02815853  1.0094632  -0.37060136  0.07538164  0.7529999   0.50819707  0.36824816 -0.25006792  0.45913073  1.1074507   0.34897465 -0.23331419
   0.38557878  0.33296946  0.41552827 -0.5688566   0.5738857   0.6089276  -0.19634078 -0.34721005 -0.5643621   0.29202935  0.06038673 -0.1841134
   0.46162224  0.12714803 -0.77620786  0.13971438  0.432157    0.6190999  -0.32936412 -0.6975949   0.5067311  -0.55507046 -0.23011716  0.12805964
   0.9073284   0.09740254 -0.5090676  -0.35027254 -0.07319855 -0.0306901   0.10299377  0.7073806 ]
 [ 1.2061868   1.0309409  -0.5888203  -0.17681624  1.2699051  -0.37936282 -0.11394826 -0.5219742   1.6583077  -0.23285939  0.40464106 -1.1149971
  -0.35246196 -0.36963245 -0.49563956  0.62617624 -0.4371346  -0.16446397  0.25113246  1.3406187  -0.07209748 -0.15648046 -1.0678908  -0.8080901
   0.49339277  0.3000389  -0.9022219   0.23818171 -0.3983986   1.0661682   0.05936375 -1.7027231  -1.6566068   0.23227675 -0.21903507  1.7426548
   0.00082104  0.32110912  0.5447271  -0.5210425   0.6636671  -0.71783984 -0.9241429  -0.7393607  -0.06687709  0.2104911  -0.9990452  -0.66929066
  -0.14543204 -0.44988167  0.19957879 -0.44843712  0.8027675   0.865438    0.7591438   0.2528424   0.01477671  0.75221246 -0.5806073   0.05385121
  -1.3424954   0.63278705  0.02685964 -0.7885914  -0.48413444  0.22279832  0.75890917  0.8106149  -0.6889157  -0.2220576  -0.31130138 -0.34180653
   0.77246684  0.21702237 -1.9345268  -1.2666134   0.19712493  0.5043356   0.8580281   0.90681314 -0.31451622 -1.2821074  -0.21999916 -1.7576885
  -0.8042232   1.1444666  -0.03673417  0.3783022  -0.05288172 -0.01492811 -0.5051696   1.4091136  -0.24128936  1.2896845   1.4124137   0.964399
  -0.23984066  0.9494286  -0.27359638 -0.7381535   0.9808183  -1.0289085   0.19908442 -0.43960008  0.7600874  -1.321139    0.44723448  0.16936405
  -0.02697451 -1.2594461   0.28643736  0.40058136  0.77899224 -0.48651233 -1.0282421  -0.26054117 -0.39699784  1.0073218  -0.38564587  0.10988721
   0.8860312   0.48117882 -0.90441644 -0.53765124 -0.34916225 -0.18535438 -0.8881628  -0.16977228]
 [ 0.52532756  0.26852304 -0.26565555 -0.8473953   0.08384498  0.01866969  0.31269336 -0.370443    0.47848523 -2.8524013   0.08781718  0.04233528
  -0.6798159   0.9874622  -0.29413423  0.8455778  -0.62581116  0.8778322   0.6897905   1.5182481  -0.37732127  0.42130008 -0.39473307 -0.12681602
   0.2415313   0.3071785  -0.35850233  0.7122486  -0.83778024  0.35795406 -0.36909446 -0.8862124  -0.35390043 -0.7178288  -0.55587596  1.0508959
   0.7665265  -0.22352278 -0.55081874 -0.60802937 -0.5183168   0.5712509  -0.81201863 -0.05201419 -0.18022141 -0.5776171  -0.9872546  -0.00979386
   0.6582434  -0.83451116  0.12278399  0.68342423  0.05869624 -0.32250354 -0.42008293  0.72865665  0.5010136  -0.06650884  0.35069776  0.27241307
  -1.0826309   0.01493299  0.5334698  -0.14237984 -0.8040648   1.2576958   0.08655497 -0.17725442 -0.19878098  0.04503863  0.77679724 -0.14581035
   0.55582577 -0.15777048 -1.0858603  -1.5378369   0.30402288  0.20527577  0.79254097  0.508353   -1.8136786  -0.03951638 -1.313948   -0.81134415
  -0.81412965  0.45982873  0.7822032   0.66991067  1.1346948  -0.22383676 -0.15059239 -1.0002805  -0.3409563  -0.5664313   1.0841935   0.1793522
  -0.6351955   0.5318804  -0.32171476  0.5172445   0.986916   -0.51955736  0.91040003  0.70948523 -0.35480282 -0.57312524 -0.39071956 -0.5455234
   1.3007532  -0.47858945 -0.33220512 -0.03344733  0.10617119  0.91034764 -1.2472472   0.27512538  0.42764634 -0.08967684  0.64229256 -0.8108755
   0.83565795 -0.1414942  -0.03074494 -0.99163574 -0.63503784 -0.26289788  0.17867449  0.4754298 ]
 [ 0.7969244  -0.72685146 -0.99471027 -0.1936822   0.02026325 -0.33757892  0.8418604  -1.0990094   0.7833794  -0.17577696  0.3394493   0.9707924
  -0.05003383  0.35466245 -1.195786    0.41159204 -1.2983178  -0.66693765  0.9711366   0.4859734  -0.8343759  -1.2142454  -1.285128    0.29224318
   0.658293    0.23678215  0.93585896  0.93472874 -0.3111687   0.4421442   0.46800816 -0.97350705 -0.26908135 -0.70588386  0.04193081 -0.04596213
  -0.9330484  -0.02135458 -0.9145032  -0.46322948  0.33444226 -0.5790705  -0.95425594  0.57105273  0.20585643 -0.46403444 -0.78830236  0.9578109
  -0.52568454 -1.1621355   0.8519828  -0.02161636  0.6757123   0.18290983  0.22868377 -0.7316634   0.32997498 -0.2266475  -1.3225015   0.8209695
  -0.5681657   1.052613    0.4947467   0.07387474 -1.0007716   0.7485927  -0.1776306   0.24633263 -0.02893727 -0.7217382  -0.24656923  0.06475669
   0.6065603   0.4663459  -0.63096637 -0.94653344 -0.07098772 -0.62039256  0.5577419  -0.66560996 -0.3270538  -0.00113379 -0.7664878   0.0115173
  -0.26731747  0.00869676 -0.33204404 -0.08629186  0.79451877  0.40530017 -0.29455298  0.70571    -0.07115944  0.6560146  -0.07207201 -1.0656347
  -0.24947536  0.869555    0.8393125  -1.0052754   0.00508868  0.0663704   0.29607522 -0.6686169   0.02197857 -0.8630895   0.17101152 -1.0971586
  -0.19372527 -1.7540532  -0.79491675 -0.07321831  1.2725836   0.27570188 -0.4982953  -0.365723   -0.51082414 -0.5667175   0.20709619 -0.57792675
   0.72611904  1.0770351  -1.1943566  -0.36392236 -0.7315559  -0.23502025  0.23500605 -0.47054726]
 [ 0.8315527   0.66004485 -0.643478    0.04684284  0.6052577   1.0112634  -0.00701349 -0.96005875  0.7821332  -0.9395091   1.0546374   0.52620894
  -0.744125    0.5181646  -0.02289628  1.0295144   0.10192984 -0.14742005 -0.34911332  0.98391104 -0.4660417  -0.92548364 -0.4004028   0.69855505
   0.79233354 -0.32306874  0.32514533  0.37414092 -0.6649999  -0.21472163  0.09460613  0.08450343 -1.1780392  -1.3162462   0.39410213 -0.6505812
  -0.5600029  -0.63802713  0.02803728 -0.59119296  0.42662555 -0.10202752 -0.23835008  0.17041293  0.4005945  -1.1899072  -0.14181352  0.48248488
  -1.0461679  -0.02175523  0.38980806  0.31633016  0.6937747   0.42446563  0.24272265  0.4438239  -0.06078911 -0.477117   -0.805687    0.05911273
  -0.8047714   0.3783059   0.66765064  0.79819024 -1.0865451   0.5360624  -0.15352623  0.52761567 -0.85195434 -0.19407587  0.13159908 -0.5752389
  -0.17184602  0.714912   -0.9216215  -1.1958236  -0.75640273 -0.14988224  0.7391256   0.7937024  -0.2240165  -0.16974169  0.34625778  0.5774001
  -0.96096003  1.2958018  -0.7965605  -0.0878573   0.45411918 -0.21690096  0.44779187 -0.45539755  0.8844103   1.0197928   0.72462726  0.0394287
  -0.5527845   0.25939152  0.6979409   0.14765546  0.43068257  0.20164756  0.4201179  -0.28726032 -0.182281   -0.22688055 -0.79381603 -0.15946274
   0.32447687 -0.08250637  0.04076828  0.12724876  0.25838277 -0.42867142 -0.4533769  -0.42199302 -0.24127486  0.29353017  0.3443294   0.4189404
  -0.35133287  0.44757807 -0.7805954  -0.11259869 -0.9011217  -0.09680396  1.0739117   0.5338343 ]
 [ 0.5936197   0.24354008  0.5997245   0.4071257  -0.7917937  -0.28096426  0.14572155  0.32843578  0.10815287  0.0491822  -0.06338046 -0.3679546
  -0.00091785  0.19523363  0.45746678 -0.15623073 -0.2927689  -0.02833278  0.01675725 -0.37960777  0.04049239  0.12065622 -0.2520625   0.18293926
  -0.21113557 -0.13681857  0.13441126  0.08563817 -0.28535816 -0.09014372  0.14968394 -0.08678249 -0.617202   -0.36339295 -0.05714396 -0.02425628
  -0.00151789  0.0776191  -0.3592487   0.20536824 -0.27747995 -0.1819013   0.41153464 -0.00995047  0.37180638  0.07954854 -0.32103184 -0.00613994
   0.1187396   0.15250897  0.30572614 -0.21004368 -0.25051442 -0.30998886  0.02771502  0.39447194 -0.48917288 -0.18912755 -0.00448823 -0.15225387
  -0.45313844  0.6325508   0.35062608  0.36475554  0.05191523 -0.22353913 -0.29053405  0.12974752 -0.19733812 -0.34883913  0.32610506  0.16629852
   0.07781553 -0.15684049 -0.19636005 -0.10253288  0.08080491  0.10411475  0.0324137   0.08230938 -0.22479796 -0.4500267   0.11355424 -0.2970794
   0.5200995   0.26083988 -0.15272896 -0.11489032 -0.3351741   0.2722393  -0.11589394 -0.2595646   0.252172    0.36886328  0.08110616  0.20389262
   0.5374216   0.20668034 -0.3842348  -0.387771   -0.23564965 -0.19482812 -0.14760761 -0.3167849   0.05642807  0.04703571  0.09461645  0.02082779
   0.13835989  0.23084925 -0.27534926  0.06141229 -0.01591804  0.4704654  -0.01933831 -0.15017855 -0.09513524  0.09407458  0.24281023 -0.54626226
   0.4423512  -0.06696218  0.2249881  -0.12245566  0.2667789   0.1455695   0.14025302  0.2832404 ]
 [ 0.76249576  0.7784274  -1.1975964  -0.5644968   0.9069219   0.55839366 -0.24203965  0.67076665 -0.08599076 -1.2334732   0.12878266  0.65242237
   0.41294327 -0.2539899  -0.43717217  0.89383215 -0.2459059   0.12113369  0.20944813  1.1105458  -0.6568932  -0.501304    0.46440437 -0.2804629
  -0.32540908 -0.14634404  0.6465749   0.20943157 -0.38446227 -1.2334095  -0.47522154 -1.5006115  -0.12080811 -1.5283438  -0.3491065   0.33089405
  -1.2571015  -0.28100723  0.6581136   0.5874399  -0.5918455   0.09817897  0.13878462 -0.44103068 -0.07284693 -0.0245921  -0.98877394 -0.37439305
  -0.21056958 -0.96047467  0.78336596 -0.20936225  0.22926714 -0.42381364 -0.36673433  0.31438917  0.03765479 -0.31454322 -0.34634623  0.98455316
  -0.6821131   1.124444    0.9681141   1.0468059   0.9720091   1.1552211  -0.4962844  -0.05060227  0.22910036 -0.39324346 -0.30076897  0.09365425
   1.2642747  -0.3610219   0.11297167 -0.6281581   0.20615523 -0.34817073 -0.36750653 -0.6239509  -0.59437066  0.07627482  0.5854784  -0.99277794
  -0.7408793  -0.6914949  -0.2566894  -0.42259794  0.7388258  -0.51065934 -0.01063974  0.12076184  0.73027766  0.14890993  0.81778413  0.6900544
   0.5124266  -0.32192576  0.57706887 -0.49359202 -0.05847371  0.57209224 -0.18124774  0.29386678  0.66530716  0.2087382   0.30993894 -0.32873484
   0.3860171  -0.00085882 -0.37796706 -0.24466902  1.18771     0.2247845  -0.47436678 -0.06854576  1.2457807   0.20267524  0.05292011 -0.28781837
  -0.02950745  0.3696198   0.07438827  0.8906607  -0.79613364 -0.41963992  0.51367307  0.7172787 ]
 [ 0.5834152  -0.16725574 -0.51761466 -0.66609925  0.51187015  0.2535457   0.26648957  0.70777136  0.01137499 -0.83507353  0.1935651  -0.50055844
   0.59599984  0.08604565 -1.2095742   0.03863989  0.6570755  -0.6434913   0.11493127  0.85676116 -1.5393742   0.03878248  0.10939411 -0.15051857
  -0.29129642 -0.3867071   1.0222124   0.02618011 -0.6476845  -1.2443833  -0.1834629  -1.6248432  -0.9571923  -0.74241054 -0.01914016  0.25486803
  -0.6376167  -0.9492579   0.8429725   0.98975    -1.1732246  -0.60602593  0.04475984  0.02120189 -0.30898374  0.9147506  -0.18315913 -0.7982233
  -0.16134578 -0.02465922  1.3169554  -0.77599144  0.14161332  0.17731431  0.43143117 -0.530137   -0.5350655   0.4396126  -0.00723547  0.540841
  -0.92255306  0.88884854  0.5957611  -0.22194733 -0.2839566   1.8988042  -0.33072966  0.31345487 -0.90439016 -0.6011626  -0.1704711   0.03953628
   1.0031496  -0.20140803  0.46795297 -1.7311218  -0.14567016 -0.04784546 -0.5484089  -0.39050078 -0.45636025 -1.2789416  -0.5079341  -0.73221767
  -0.50867987 -0.5676696   0.19632208 -0.7332169   0.6066705  -0.22059107  0.39115027 -0.09673974  1.2212065   0.6408626  -0.11170807 -0.07414823
  -0.1239977   0.5406532  -0.15563829 -0.39825046 -0.61921847  1.7050128  -0.8598578  -0.16613574 -0.04078463 -0.16874987  0.03568783 -0.92993397
  -0.49478418 -0.41816163 -0.66741735 -0.38337603  0.80838895  0.35194716 -1.0349128  -0.3151868   0.8727907  -0.03968031  1.4487245  -0.85718864
   0.28548858  0.5623585   0.27275932  0.5090211  -1.408168   -0.8105109  -0.48702     0.93598413]
 [ 1.1964457   0.9821812  -0.5208725  -0.11384238  1.2837918  -0.38305038 -0.09853679 -0.52120876  1.6687043  -0.18937956  0.3625369  -1.1429155
  -0.3647862  -0.38446358 -0.56119806  0.6234455  -0.52658975 -0.04800195  0.25981522  1.3940239  -0.0923767  -0.19166239 -1.1173816  -0.81800765
   0.4945089   0.356916   -0.8856453   0.25048172 -0.3845628   1.0865774   0.04918253 -1.5937562  -1.6802719   0.29402915 -0.19449896  1.736943
   0.10475235  0.27684313  0.5400744  -0.55070335  0.7881694  -0.7026635  -1.0161337  -0.67343354 -0.09105159  0.22337168 -0.93043876 -0.6848118
  -0.13516177 -0.36510125  0.2505322  -0.42126387  0.8035984   0.84031993  0.84236366  0.14183022  0.00979124  0.7318036  -0.5169191   0.1086328
  -1.3691341   0.6594089   0.05578927 -0.9161691  -0.5296948   0.18737102  0.80044353  0.8870696  -0.77050817 -0.22131099 -0.21980223 -0.394013
   0.77685624  0.26152867 -1.9842273  -1.3824916   0.17393625  0.52427876  0.85650486  0.98555547 -0.37641868 -1.3405856  -0.25324336 -1.7616458
  -0.73337954  1.1762654  -0.06199549  0.36151588 -0.08893213 -0.00239449 -0.47477877  1.3756292  -0.22801109  1.3829179   1.4445276   0.90007323
  -0.26777467  1.0231695  -0.34529594 -0.7711176   1.0164526  -1.0485656   0.21905892 -0.47959536  0.70182365 -1.3767722   0.3385354   0.04931377
  -0.05351032 -1.2495058   0.29579344  0.43305436  0.8273097  -0.45039088 -1.1412436  -0.2575508  -0.4427983   1.0318145  -0.381466    0.05615356
   0.9520587   0.4598881  -0.96207035 -0.47410488 -0.3926326  -0.1980234  -0.821315   -0.23305723]
 [-0.31516087  0.54254603 -0.4072872  -1.0084485   1.9201703   0.3079845   0.34680104  0.05945451  0.56388766 -0.6911921   0.02634066 -0.24651127
   0.02500468 -0.02013889 -0.6793303  -0.1928558  -0.5423693   0.38748598  0.0576102   0.39937243 -0.02338085 -0.15356153  0.03645444 -0.30657172
   0.46323788  0.38158318  0.28308827  0.08875725  0.05657275 -0.17608298 -0.0820068  -0.74844587 -0.08789726 -0.44511735  0.01088761  0.38024327
  -0.15668952  0.21982835  0.29363343 -0.30604598 -0.04319884 -0.40028152  0.6126838  -0.5733696   0.32946593 -0.2918077  -0.33532006  0.16758743
  -0.21049479  0.09131701  0.18352593 -0.13285226  0.02582221 -0.27001116  0.29635364 -0.47424453  0.4905746  -0.57148933 -0.34114882  0.6983123
  -0.02305024  0.64042723  0.32687226  0.57228005 -0.5859922  -0.3531523  -0.05950642  0.02960346  0.36299622  0.81797796 -0.12652247 -0.641712
   0.29699537 -0.43397692 -0.11176436  0.07657612 -0.23893145  0.37995508 -0.44205195  0.62604266 -0.06933087 -0.48544854 -0.5437644  -0.08525924
  -0.12698044 -0.05031628 -0.19657217  0.609262   -0.55054915 -0.5061541  -0.5108341   0.22208178  0.38413396  0.334352    0.92536205 -0.40808296
   0.24894418  0.73028785  0.12749662 -0.5441737   0.00688932  0.03062146 -0.642431    0.15936397  0.562479    0.03169055 -0.33486262  0.131836
   0.27597567 -0.42670763  0.11144514 -0.30991587 -0.00727781  0.29389864 -0.06843291  0.27074346  0.37184197  0.655343    0.7695292  -0.55031204
  -0.24602589  0.3221206  -0.06313086 -0.5558399  -0.32156178 -0.47151452  0.8091788  -0.519302  ]
 [ 0.8886048   0.43486533 -0.8769688  -0.4432312   0.21240175 -0.6738491   1.2761337   0.22355339  0.46931392 -0.8826613   0.38142288  0.92988425
  -0.83029515  0.14026532 -0.21971156  1.097347   -0.7254065  -0.04291435 -0.37100667  0.81629235 -0.0659246  -0.21457373 -0.32952452  0.3899603
   0.45876014  0.7232425   0.21142133 -0.00066239 -0.9245614   0.5952923  -0.3999717  -0.6657845   0.365616   -0.71021765 -0.32486245  0.8322149
   0.15410408 -0.46511978  0.30730885 -0.22173677 -0.46680576 -0.38968158  0.68727905 -0.06050631 -0.08430526 -0.05638634 -0.83679014  0.37167767
  -0.4332877  -0.5149645   0.83403903  0.03599041  0.3733754  -0.0536745   0.9232232  -0.95594096  0.3198192   0.22970004 -0.6302479   0.82471603
  -0.8531602  -0.14158112  0.48237777  0.05110115  0.36766493  0.87948126 -0.29842272 -0.41030577  0.31754822 -0.74968594 -0.24257807 -0.27348876
   0.22849491 -0.04480449 -0.35241124 -1.390361   -0.19674698  0.15158507 -0.345902    0.0772715  -0.3862976  -0.5907877  -0.76655805 -0.30727398
   0.06136358  1.1190075  -0.5301182  -0.02351694  0.6084289   0.56366825  0.39142084 -0.18552068  0.5488561   1.3402215   0.33259887 -0.2554193
   0.36270827  0.40525597  0.48559308 -0.61733115  0.55398726  0.6196815  -0.18025754 -0.5056802  -0.55354875  0.340301   -0.02687961 -0.13840279
   0.3289842   0.10993046 -0.74996907  0.1475899   0.4445593   0.6380821  -0.36416376 -0.72729343  0.41188067 -0.5798366  -0.22784686  0.047783
   1.0107899   0.09429093 -0.5297286  -0.45644552 -0.11103509 -0.03962363  0.25779283  0.6320807 ]
 [ 0.53934     1.2126014  -0.36325455  1.0049835   0.83705497  0.02082135 -0.7877109  -0.13903098  1.0086485  -1.698516    0.5901454   0.07713587
  -0.31536976 -0.9265821  -0.36421832  0.02871567 -0.26760012 -0.7135385   0.4844998   0.749841   -0.69164276 -0.4227287   0.33034152 -0.30608737
  -0.58062476 -0.30364722  0.38047138  0.31446484  0.8354018   0.4664353  -0.75383115 -0.27819148 -1.1093034  -1.0819222  -0.18927217  0.84842736
  -0.4107125   0.070424    0.091763   -0.83842623 -0.45005953  0.4875862  -0.6831275  -0.5969262  -0.41124254 -0.8830182  -1.047905    1.1105984
  -1.0280606  -0.12772295 -0.19924395 -0.32978937  0.7111834   0.1337687   0.7502756  -0.6500089   0.21524097 -0.35802054  0.3198147   0.27279872
  -0.23206381  1.090364    0.2768645  -0.12382545  0.00018551  0.6121666   0.634482    0.06550749 -0.8038958  -1.011873    1.391094   -1.0280522
   0.5618425   0.3057357   0.09695563 -1.4468929  -0.6162197  -0.7867048  -0.44795936  0.51880074 -1.1884646  -0.28025568  1.2934654  -0.08640306
   0.32432535  0.64341867 -0.491128    0.37497514  1.123286    0.41997498  0.26380134 -0.51052976  0.20630445  1.2112988   0.22494109 -0.23281457
   0.4034143   1.1836877   0.20839906  0.06206059  0.9442993   1.0025022   0.28034    -0.40289813 -0.68353087  0.09666643 -1.5484858  -0.10544708
  -0.6014255  -0.48107517  0.46221635 -0.14046948 -0.09139482  1.1816659  -0.00337864  0.59776676 -1.160532    0.3171798   0.71578664 -1.3405193
   0.3551515   0.11956256  0.55550224  0.18288603 -1.4402235   0.35772225  0.25428364 -0.9977525 ]
 [ 0.727783   -0.41201428  0.34520867 -0.99604905  0.41799736 -0.68571544  0.30716336 -0.46470124  0.21491286  0.04578051  0.2719307  -0.40619332
   0.11915083  1.0789732  -0.20523152  0.84973776  0.11810521  0.12833986  0.35997006 -0.02810392 -0.5934954  -0.6145412   0.11667483  0.8437707
   0.09156774  0.56382394  0.43693346 -0.08394551  0.28251     0.14834991 -0.44552168  0.31901333  0.03907402  0.28320837 -0.52526987  0.9122915
   0.08307033  0.6564419   0.2705696   0.4304117  -0.7953702   0.05625699 -0.55595326  0.42156214 -0.23122354 -0.29336515 -0.4201483  -0.1495492
  -0.00460485 -0.67319286  0.90699524 -0.6875892   0.44946486  0.65852684  0.09369895 -0.6639499   0.3651866   0.03346631 -1.4247861   0.96085966
  -0.09320123  0.26160732  1.7329856  -0.15753353 -1.0042397   0.8126128  -0.18666731 -0.70670384 -0.53551453  0.18421766 -0.09772361  0.15249519
   1.3975537   1.3670799  -0.22216399 -1.1146185   0.09959133 -0.06564338 -0.28484267  0.08225434  0.40265834 -0.6717826   0.11323067 -0.04249496
  -1.2189869   0.5062761  -1.0022418   0.07096177 -0.42744943 -0.08246294  0.5304011   0.68763995  1.0599321   0.74839944  0.19155298  0.5861901
  -0.1943366   0.8829069   0.4751312   0.14151298  0.04615053 -0.16877227  0.16790083  0.7278191   0.39892244 -0.02601591 -0.6315948   0.15821378
   1.2961155  -0.47927642 -0.89169836 -0.30483788 -0.381449    0.47243464  0.00679     0.31962192  0.9539563  -1.4010353   0.533858   -0.6271811
   0.2657885   0.77147895 -0.39991695 -0.537562   -0.29916885  0.5163384  -0.28074172  0.33283287]
 [ 0.45469636  0.32567164 -0.22566588 -0.7832303   0.08532473  0.01986527  0.32553855 -0.40394768  0.45196104 -2.7619178   0.07438651  0.0426183
  -0.67673254  0.8801701  -0.2796605   0.7940488  -0.6280856   0.81461877  0.70428914  1.5931504  -0.39503673  0.40758875 -0.508546   -0.17747371
   0.24730794  0.36519077 -0.3433171   0.70810485 -0.8626898   0.3977633  -0.39320418 -0.9119887  -0.3041611  -0.6893447  -0.58744377  1.0143566
   0.8502631  -0.21133852 -0.52066267 -0.64922273 -0.46657196  0.54609156 -0.8110677  -0.06733427 -0.21314424 -0.53593194 -0.9829247  -0.04390845
   0.6476016  -0.80008584  0.04682962  0.71447366  0.03090852 -0.3261039  -0.4522548   0.64214027  0.5894427  -0.12256249  0.3348919   0.3458636
  -1.0834898  -0.02470499  0.49108255 -0.25871047 -0.8262715   1.340441    0.2207692  -0.10685756 -0.18836924  0.07957929  0.7745502  -0.13900267
   0.5334981  -0.2539104  -1.0626097  -1.5019575   0.24974203  0.15193877  0.80870795  0.5287176  -1.8080618  -0.07841279 -1.273974   -0.7971436
  -0.8396273   0.41866308  0.79184127  0.62063     1.0901262  -0.19795136 -0.17730446 -1.0003014  -0.38115248 -0.5298781   1.1210066   0.16422275
  -0.6958158   0.52159995 -0.31533724  0.4874956   0.9615454  -0.5086761   0.91513085  0.68505627 -0.33393943 -0.55936015 -0.33126193 -0.5469641
   1.194144   -0.57255065 -0.3137944  -0.08271355  0.16211995  0.912886   -1.2807475   0.23061438  0.38778138 -0.12468501  0.6511774  -0.8857047
   0.9031026  -0.16234078 -0.00060416 -1.0680888  -0.64274883 -0.3343322   0.23166874  0.45280096]
 [ 0.88196576  0.45541966 -0.80408406 -0.56676835  0.07430629 -0.7525995   1.1905867   0.29443192  0.49550825 -1.0366656   0.3880534   0.96020555
  -0.8265478   0.24096857 -0.2148964   1.04927    -0.6589929   0.1286293  -0.28040066  0.8712907  -0.04156161 -0.0699992  -0.23110831  0.34610823
   0.44371468  0.60993075  0.23977186  0.10965706 -1.0251695   0.5859734  -0.39747885 -0.77816     0.35308272 -0.69008803 -0.2742046   0.98582405
   0.08203423 -0.4673485   0.29834062 -0.21618964 -0.59822905 -0.3351799   0.6641683  -0.07285129 -0.02941777 -0.12412575 -0.84466296  0.28672922
  -0.22023083 -0.6556836   0.90959376  0.06583928  0.38306555  0.03367943  0.76215214 -0.8121043   0.30566254  0.28950822 -0.5568822   0.7650128
  -0.8357031  -0.18115923  0.53883773  0.18539074  0.45161173  0.8916355  -0.45350882 -0.59367424  0.46482027 -0.84496367 -0.32802474 -0.24630381
   0.33513695 -0.05323337 -0.37357783 -1.3957177  -0.02032775  0.30056617 -0.26361525 -0.02296467 -0.52633023 -0.5184953  -0.89279467 -0.49588245
  -0.01342987  1.1020514  -0.28514853  0.10838021  0.7546191   0.4746615   0.33211243 -0.2820643   0.44650236  1.0605683   0.42049524 -0.19025876
   0.40876877  0.36325946  0.42676723 -0.6545849   0.6298241   0.59847    -0.207415   -0.30578604 -0.5527515   0.28596303  0.072883   -0.17044877
   0.47032398  0.10945307 -0.79934275  0.17026882  0.45337802  0.6625553  -0.38338387 -0.6636463   0.5464398  -0.5554514  -0.2377843   0.10622355
   0.9646792   0.06984877 -0.49909347 -0.3879387  -0.07533704 -0.03869575  0.09274223  0.7152993 ]
 [ 0.859274    0.40160474 -0.83503824 -0.5840287   0.15162267 -0.71918285  1.2432253   0.39344612  0.5445332  -1.0763133   0.37709054  0.94840586
  -0.7988752   0.2324129  -0.26709676  1.0385119  -0.7035267   0.12220092 -0.2622571   0.83022964  0.00920732 -0.03234338 -0.19399008  0.3524184
   0.4326662   0.6478593   0.21981579  0.04976748 -0.9394301   0.5911317  -0.35180777 -0.6913001   0.31461158 -0.7176982  -0.3244226   0.93064374
   0.06060354 -0.4729391   0.2864039  -0.13888736 -0.5961368  -0.33942315  0.6599423  -0.06391605 -0.0134845  -0.05024052 -0.8715039   0.26436928
  -0.20524105 -0.6463256   0.9501204   0.04874941  0.29861656 -0.01702179  0.76718    -0.83046913  0.27028704  0.27100316 -0.49307933  0.7799922
  -0.81514823 -0.09968536  0.50186664  0.15531658  0.4497393   0.9361487  -0.44341886 -0.52575123  0.44503054 -0.83494794 -0.26579055 -0.24441756
   0.3128839  -0.02533196 -0.4161028  -1.3582723  -0.03220851  0.27708465 -0.32271624 -0.08803258 -0.564258   -0.5553208  -0.8891933  -0.51315457
   0.04901629  1.0370451  -0.29680353  0.06699169  0.7615542   0.48626935  0.34219134 -0.31134152  0.5043355   1.1102825   0.38966063 -0.21597974
   0.35909277  0.32598016  0.38743085 -0.6301229   0.59639466  0.61721635 -0.21244763 -0.32596144 -0.5824004   0.2992462   0.06341509 -0.22590347
   0.43239465  0.08656678 -0.78768045  0.16288978  0.43339273  0.626117   -0.37106186 -0.65845364  0.5062839  -0.54938084 -0.21056081  0.15626684
   0.9820958   0.0736449  -0.501435   -0.3357676  -0.06031035 -0.03905268  0.08996117  0.7112684 ]
 [ 0.45140168  0.19992349  0.36993173 -0.60270184  0.06660042 -0.49567136  0.08099077 -0.14316082 -0.10853586 -1.4378046  -0.11874429  0.85686696
  -0.28493395  0.5331947  -1.0205672   1.9203404  -0.0028405   0.9282714   0.3307128   1.1881238  -1.3263613  -0.62724817  0.17032677 -1.0033232
   0.42689705  0.6986745  -0.23148966  0.34790117  0.6045358   0.4256703  -0.23775856  0.8072642  -0.55357707 -0.38001376 -0.8288456   0.22292334
   0.22479986 -0.68043154 -1.0954912  -0.5019273  -0.06743251 -0.04784213  0.02203967  0.10175975 -0.5446515  -0.61324966 -0.26617935 -0.08201493
  -0.46415833 -0.6686591   0.54737586  0.1442192   0.14114922 -0.5375427   0.6518137  -0.8985196   0.6083092  -0.50220263 -0.379838    1.197763
  -0.4470222   0.04647331 -0.59002894 -0.9413612  -0.71665984  0.08496884  0.80235714  0.3817207   0.22992507 -0.4416489   0.9879256  -0.05218666
   0.51572627  0.18124211 -0.47271654 -0.7938359  -0.16902891 -0.27244756  0.88714486  1.3857231  -1.0049695  -0.38505194  0.3033486  -1.2088078
  -1.0655146   0.15008911  0.2616976   0.33406958  0.9566521   0.18543164 -0.24734077 -0.6148738   0.21030022  0.1897063   0.61730593 -0.09212932
  -0.7231669   0.9514336   0.10712747 -0.8615962   0.27802122  0.09773991 -0.22043489 -0.43180808 -0.06156816 -0.04887221 -0.10033692 -0.48161462
   0.28628916 -0.39276448 -0.3716459   0.7818063   0.30733177  0.30449262 -1.6381371  -0.07928032  0.59286565 -0.12727131  0.61972463 -0.92245936
   0.4638684  -0.3660653  -0.69106835  0.01703203 -0.29592252 -0.27397022  1.4996659  -0.23001337]
 [ 0.8713855   0.36713168 -0.772734   -0.49271506  0.02977058 -0.7707618   1.1778989   0.3047256   0.41090915 -1.0473168   0.40722898  0.89192533
  -0.79002744  0.23422898 -0.18275388  1.0887175  -0.7063487   0.13634045 -0.2712078   0.7956653   0.01075311 -0.0488875  -0.19355607  0.3035854
   0.43742013  0.5929237   0.17842335  0.0246523  -1.0107521   0.61242247 -0.37843794 -0.798498    0.38386443 -0.6585231  -0.3219991   0.92155445
   0.02578028 -0.4582983   0.30866155 -0.15161014 -0.6146822  -0.3447003   0.6199754  -0.08169933 -0.02441848 -0.0171397  -0.8818788   0.2859375
  -0.21324737 -0.65735525  0.87418795  0.0829096   0.32977197  0.00392232  0.7164781  -0.81591034  0.27590203  0.30105162 -0.5487856   0.75685114
  -0.82380545 -0.15172349  0.4265247   0.16387187  0.42648306  0.9343427  -0.46675554 -0.47872874  0.43828696 -0.8418358  -0.29508412 -0.16874239
   0.33152056 -0.04525682 -0.40176407 -1.3139166  -0.03967348  0.26486018 -0.20776257 -0.02791778 -0.5223056  -0.58160096 -0.83974844 -0.54370713
   0.02911136  1.0866936  -0.34011006  0.06596981  0.71485764  0.4817464   0.39235842 -0.22667864  0.49007115  1.0965285   0.3889382  -0.2003764
   0.37650737  0.34018987  0.4062136  -0.647436    0.6779897   0.57267934 -0.22662088 -0.32064927 -0.5333127   0.32765633  0.08882785 -0.18317634
   0.367396    0.12258534 -0.7916261   0.14101057  0.40508926  0.5925767  -0.3693733  -0.6322009   0.53541    -0.5233327  -0.26823995  0.09309548
   0.92898625  0.06284994 -0.4711956  -0.3515971  -0.05706818 -0.00823996  0.03188024  0.7174184 ]
 [ 1.2110459   0.92612267 -0.47313678 -0.57283986  1.1106207   0.32204688  1.3494492  -0.27724504  0.8220761  -0.20381467 -0.28873026  0.70107764
  -0.35022497  0.6404817  -1.6088338   1.453238   -0.40702724 -0.3087608   0.8279158   1.3251723  -0.9943628  -1.4603438  -1.9751868  -0.14263119
  -0.21804279  1.1929663   0.98386765  1.5578127  -0.3180828  -0.03539631 -0.46210185  0.06234469 -0.00685467 -0.6882509  -0.6661817  -0.19611378
  -0.30164993 -0.3787394   0.3525204   0.18224229 -0.30897942 -0.17948285 -0.755715    0.40976214 -0.30280995  0.06979213 -0.3958753   0.23920545
  -0.49611616  0.44681025 -0.8206037   0.21706623  1.1557591   0.35399047  0.00133638 -1.0411837   0.8195958  -1.2700782  -0.85436326  1.4378383
  -0.27425295  0.74256456  0.15901834 -0.4923652   0.20988669 -0.11570647  0.2976901   0.1460042  -0.39138928  0.49503863  0.10678039 -0.40822777
   0.9617327  -0.06572755 -0.13132769  0.00852663 -0.8460907  -1.1314996  -0.927857   -0.10152533  0.13314673 -0.14934506  0.5169475  -0.73209935
  -0.399385    0.40929702 -1.237606   -1.6632453   0.1686165  -0.4171039   0.6652964   0.15150687  0.74928004  1.2690939   0.3831976  -0.22792716
   0.26784593  0.26554134  0.01800725 -1.1572047  -0.04381598  0.4107843   0.77135324 -0.3403897   0.05284682  0.48809406 -0.63385653 -0.2564465
  -1.0545743  -1.0149119  -1.1286365   0.17499875  0.720476    0.03334956 -0.25558156  0.34156677  0.5745076  -0.46674183  0.22509882 -0.5399868
   0.9008702   0.3890336  -0.8753187   1.1195545  -0.43575445 -0.25106972  1.7797805  -0.29289627]
 [ 0.41358     0.32589263 -0.36552587 -1.0375844   1.0703318  -0.45265207  0.40850663 -0.48865414  0.684845   -0.2425372   0.72029984 -0.66730136
   0.28070337  0.84254384 -0.08208694  0.89506733 -0.9780884   1.0741107   0.1519547   0.10141031  0.05693086 -1.3115492   0.10898095  0.08720808
   0.5592212   0.9260568   0.5325761  -0.39430705  0.5011852   0.49335894  0.50021785  0.13694218 -0.28649506 -0.80153435 -1.265219    0.37263724
   0.13328946  0.22032222 -0.87212193  0.73279613 -0.3862926  -0.26773828  0.17913856  0.1669691  -0.21848497  0.38435733 -1.042864   -0.37615773
  -0.35966384 -0.83642715 -0.00634525 -0.44322973 -0.2901567  -0.75007    -0.12467711 -1.1628896   0.40675625 -0.97568566 -0.9964172   1.7306832
  -0.9892611   0.66908896  0.8218568  -0.2358631  -0.24951616  2.022793    0.20546831 -0.1563927   0.46188006  0.2288841   0.5050327   0.06719961
   1.261707    1.4515271  -0.87135506 -0.673588   -0.13434972 -0.0694166  -1.003828    0.28721353 -0.70106983 -0.49360228  0.35445935 -0.28699312
  -0.1076924  -0.3222226   0.5394778  -0.06416003  0.31652156  0.14730792  0.5105672   0.16322929  1.0106341   0.86332434  0.24841858  0.16873033
  -0.17177464  0.06468468  0.56794167  0.60439646  0.94880825 -0.21338879  0.5896312   0.30879322 -0.3020395  -0.48661044 -0.56246656 -0.85748243
   0.83952093  0.433962    0.7875409   0.43077266  0.30750144  0.6832268  -0.06390949  0.33310258  0.27911004 -0.18715085 -0.48231515 -0.2924389
   0.8775644  -0.17127508  0.3049162   0.9694042   0.10571258  0.7391081  -0.26667118 -0.63757694]
 [ 0.0271369   0.24450254 -1.235887   -0.34572092  0.20398282  0.99560064  0.9575449  -0.2278884   0.15233524 -1.5918044  -0.04742378 -1.0359885
   0.78463745  0.15960655 -0.8458054  -0.28383303 -0.2066016  -0.19527934  0.60176635  1.300495   -0.93120855  0.09208579 -0.50575536  0.71251696
   0.19535545  0.3657701   0.08136848 -0.30388856 -0.2976151  -0.2745971  -0.43876225 -1.0533854  -0.9483654  -0.94831496 -0.9338287  -0.11962118
   0.3076325  -0.15306135  0.14369406  0.5899456   0.13943951 -0.66702485 -1.0702266   0.50726295  0.23164369  0.551056   -1.3330823  -0.00195089
   0.38256517  0.24610184  0.19096266 -0.336524   -0.5597919  -1.2649938  -0.22697957 -0.35563952 -0.24323706 -0.33825114  0.47103217  0.9979913
  -1.263409    1.1980495   0.47031924 -0.9094833  -0.94100153  1.5159506   0.02241975  0.27066636 -0.5375165   0.88434094  1.219219    0.19902994
  -0.24566779  0.25134325 -0.8502656  -1.5555224   0.13966233 -0.47219753 -0.55825543 -0.5190421  -0.44159675 -0.80118513 -1.3500494   0.7559179
   0.18271224 -1.2677109   0.09093012 -0.75172824  0.6219357  -0.16776243 -0.5491133  -0.65757483  0.30567035 -0.58855814 -0.18320744  0.27677226
  -0.7993281   0.07396878  0.18419087  0.9320656  -0.09975212  0.7262194  -0.09513307 -0.03078875 -0.19007686 -1.0640689  -0.7840655  -0.5966907
   1.0315081  -0.40976536  0.10438333 -0.5148042   0.73179215  0.2720503  -1.3818036  -0.9515053  -0.00303238 -0.73594713  0.5730833   0.336388
   0.6500774  -0.14472546  0.0478308  -1.0064937  -1.4592143  -0.79677784  0.08607197  0.84693915]
 [ 0.703728    0.07051541  0.5243131   0.24879637 -0.5007561  -0.20211415  0.12173438  0.2611076   0.13191319 -0.2066574   0.01790597 -0.25242543
  -0.06370219  0.23222697  0.2629724   0.06622982 -0.53960484  0.02547868  0.20800318 -0.48015633 -0.07055308  0.3105879  -0.3037598   0.01386239
  -0.11492456 -0.01828183 -0.01537455  0.03661361 -0.38747326 -0.22845435 -0.14544909 -0.25853398 -0.5289033  -0.13075896 -0.15947163  0.0844767
  -0.0612775  -0.0178364  -0.22455294 -0.16340904 -0.35583135 -0.5258674   0.21188225  0.14182241  0.44661146 -0.1926714  -0.22390382  0.10631223
   0.24240437  0.22957592  0.2624507   0.28048983 -0.17934608 -0.1122822  -0.07594857  0.35074738  0.04236615 -0.28481698 -0.08307388 -0.05420205
  -0.55312604  0.4074086   0.08088773  0.281824    0.02830421  0.16475686 -0.47534475  0.05654218 -0.29467466 -0.37841207  0.27613056  0.4695887
   0.05060505 -0.1106463  -0.0144642   0.01375046 -0.00244023  0.35279757  0.03125622 -0.05883823  0.15364951 -0.25850818  0.19281179 -0.182149
   0.82207114  0.25971708 -0.11602802  0.17032188 -0.257258    0.1453132   0.1480062  -0.07832486  0.5723574   0.02202321 -0.09855983  0.32795802
   0.3550535   0.08419345 -0.412305   -0.5906869   0.17797251 -0.04743076 -0.13610104 -0.05376062 -0.06857911  0.06607024 -0.20151888  0.13976829
  -0.03193108  0.13733569 -0.40980962  0.05975111 -0.04543894  0.41096795 -0.01488227 -0.12608601  0.00034023  0.17274562 -0.01069871 -0.32151172
   0.09033826 -0.42560542  0.45849922  0.12409068  0.25905886  0.04363371 -0.26257193 -0.17039195]
 [-0.22821154 -0.4369919  -0.7524452  -0.2846424   0.7927905  -0.16257529  0.15180103  0.5411895   0.47553942 -1.1923236   0.13646945  0.7497958
   0.01231962 -0.33790234 -0.1173949   0.22081268 -0.57311773 -0.7653927   0.4957222   0.8276478   0.23547526  0.35266465  0.25713903 -0.14606073
   0.9748353   0.5225079  -1.0412232   0.45571485  0.44517395  0.6028563   0.34918007 -0.35352486 -0.47516188 -0.60615176 -1.017639    0.12276774
  -1.1986254  -0.6328406  -0.88750154  0.34041467 -0.98234314 -0.09763017 -0.07997233 -0.21306999  0.66131544 -0.3605102  -1.0808125  -0.0103371
   0.08510078 -1.1262547   0.2708763   0.05019959 -0.19013745 -0.3272897  -0.96567917  0.51140994  1.2308398   0.11291482 -0.8080334   0.19132853
  -0.7850021   0.76873195 -0.28099808  1.1800624  -1.0258392   2.0720677   0.22742279  0.3599565   0.3613386  -0.21988098  0.17336391 -0.34334934
   0.46644065  0.634002   -1.3067454  -0.25460827 -0.3254191   0.06616013  0.9062061   0.08553286 -0.8730797  -0.46916786 -0.63342    -0.54133344
  -0.34418067  0.0475393   0.11872217  0.620239    1.4320836  -0.14982954 -0.09436307 -0.94670045  0.3569579   0.19635838  0.2650345   0.03967101
  -0.5223394   0.14550722  0.3718701  -0.3108481  -0.05619044  0.81478184  0.06171832  0.10351099 -0.5024877   0.15679716  0.86347103 -0.39148083
  -0.02233094 -0.67321914 -0.33285907 -0.65899116  0.2665857  -0.04045195 -0.43207192  0.17891663 -0.23637706 -0.8559027   1.5576915  -0.31869438
   0.93738663  0.46953374  0.20660096 -1.2043213  -0.6869089  -1.0065509   0.39106816  0.33847004]
 [ 0.80551505  0.12882498 -0.8122325  -0.4465552   1.2027451  -0.10681662  0.7339679   0.3882421   1.5208136  -0.18892148  0.3820015  -1.0807818
   0.7807604  -0.14159355 -0.6712801  -0.00073979  0.9091842  -0.8607074   0.28525198  0.7107662  -1.2428725   0.2444203  -0.5902317   0.76673096
  -0.10434645  0.02678468 -0.00327803  0.07892998 -0.11458929  0.0195815   0.29824328 -1.4669497  -1.2002001  -0.15186296 -0.37357113  0.5659384
  -0.451929   -0.29041016  0.55538005  0.9201563  -0.04438888 -0.7164994  -0.6443952   0.06447366  0.28355372  0.3887855  -0.45165902 -1.1121123
   0.24247374  0.08291604  0.5705555  -1.1138257   1.0247684   0.2985685   0.25871933 -0.47463104 -0.7117569   0.7436951  -0.4588154   0.43304464
  -0.88380766  0.90275145  0.91236943 -0.7829341  -0.6065848   1.1293334  -0.36487472 -0.45138356 -0.6725463  -0.21629712 -0.33341244 -0.12078373
   0.5341509   1.1644548  -0.8812799  -1.3360786   0.6906875   0.37134597 -0.356756   -0.28620473  0.14672662 -1.536193    0.42860207 -0.65795916
  -0.27309534 -0.3350619  -0.71400243 -0.35984987  0.43368328 -0.00516942 -0.3672498   0.7115163   1.241297    0.56373334  0.7019108   0.24976185
   0.20250446  0.6122628  -0.22633764 -0.76176494  0.2759429   0.9895089  -0.2863555   0.03940617 -0.43568394 -1.1846423  -0.12557904  0.10602117
   0.6074618  -0.40648156 -0.99757975 -0.05723526  0.77377814 -0.5899585  -0.910182   -1.0489967   0.77268744 -0.16764426  0.7469299   0.44524527
   0.7713292   0.62318873 -0.2853755   0.3898564  -0.5778302  -0.58085173 -1.0458387  -0.05621487]
 [ 1.011896    0.458548   -0.9477557  -0.43843147  0.27551436 -0.64473915  1.3032707   0.15354909  0.51289546 -0.76829904  0.38472873  0.92526156
  -0.86474395  0.12641792 -0.3130904   1.143489   -0.74006426 -0.16150224 -0.36846918  0.90410256 -0.11959992 -0.3039822  -0.4145415   0.428836
   0.51007044  0.75802416  0.15108071 -0.02811067 -0.98578626  0.5649846  -0.46241897 -0.68000174  0.26152313 -0.68640774 -0.3110095   0.80759
   0.16671848 -0.49470788  0.41481805 -0.28581077 -0.41122308 -0.4316342   0.66200966 -0.03882242 -0.11597139 -0.03637119 -0.82792485  0.40963545
  -0.52170014 -0.47400945  0.8424325   0.03324181  0.43179667 -0.05659056  1.0685134  -1.03282     0.33353165  0.2095386  -0.69589937  0.8191456
  -0.930265   -0.20626546  0.47437784 -0.08372846  0.30177698  0.9768988  -0.23118374 -0.36662018  0.1785208  -0.7798139  -0.24079749 -0.25770855
   0.19593921 -0.03516258 -0.3772582  -1.5272547  -0.24224843  0.14842404 -0.3500407   0.13750595 -0.2743151  -0.6362062  -0.7296608  -0.24445084
   0.03413517  1.1978769  -0.61991924 -0.08625722  0.5896047   0.60096854  0.4386784  -0.07718641  0.6327296   1.4760605   0.3535676  -0.19745438
   0.28953913  0.4114187   0.4694379  -0.62511766  0.55556613  0.6523347  -0.16513552 -0.58772266 -0.5729289   0.2909743  -0.07005596 -0.09627575
   0.3099736   0.1421616  -0.76817113  0.19503361  0.47728157  0.5535002  -0.41531745 -0.8527557   0.38523978 -0.5965578  -0.31856072  0.14013009
   1.0478593   0.09811705 -0.60783774 -0.46608132 -0.13817179 -0.08186983  0.2611895   0.6569442 ]
 [ 0.7895018  -0.5702627   0.22739963  0.77124995  1.0081886  -0.31418955 -0.48793575 -0.01921656 -0.11720249  0.6727496   0.42379257  0.28196758
   0.22787584 -1.0127732  -0.24769454  0.43330404 -1.2916478  -0.06548429  0.32994214  1.3651906   0.59483606 -0.9966402   0.05942881 -0.22748646
   0.5015929   1.1717554  -0.63784987  0.48793122 -0.0437664  -0.15667063  0.29459795 -0.12495303  0.25803068  0.34292102 -0.36620393 -0.19266306
  -1.3646113  -0.8717911   0.08526937  0.7457532   0.15979688 -0.11577024 -0.5787788  -0.40511185  0.25714836 -0.31350502 -0.096164   -0.18471599
  -0.34036332 -0.05102124  1.0847812   0.46120203  0.09659353  0.13818002  0.14058094  0.01723053  1.1141025  -0.08280873 -1.4249758   0.84470856
  -1.258631    1.2887127   0.6608027   1.0128556  -1.2681237   1.2068263  -0.11924044  0.84246993 -0.19849196  0.5165815  -0.05108578 -0.07180601
   1.6895684   0.9005454  -0.5317857   0.6633605  -0.28835657  0.47628343  0.717369    0.91234446 -0.16214581 -0.0096359   0.34805876 -0.7433174
   0.6416319   0.00368633 -0.69971097 -0.30526713 -0.01442562 -0.05837547  0.45894557  0.08601119  1.095822    0.80451375  0.06393383  0.15501958
   0.50389695  0.313886    0.6030386  -1.6099973   0.21386921  0.7547708   0.2180683   0.2986072   0.21802844 -0.02332672  0.40356642 -1.2417574
  -0.3503971  -0.6162234  -0.81733507 -0.8932769   0.8484353   0.31369078 -0.46381444 -0.15937404  1.0357947  -0.8058607   0.79878485 -0.48019484
   1.5872614   1.2686442   0.17392866 -0.14750747 -0.82334816 -1.0077167   0.4608614   0.02436852]
 [ 0.81282675 -0.7285793  -1.0243781  -0.22660115  0.07761428 -0.2973907   0.85180974 -1.1434276   0.83439547 -0.15880738  0.33844894  0.9504066
  -0.05138213  0.3579305  -1.2112459   0.48483723 -1.3242661  -0.6512604   0.9332749   0.45420918 -0.901114   -1.2499572  -1.3589507   0.22125109
   0.6629174   0.27383572  0.94502413  0.9897552  -0.26318184  0.42558643  0.48096392 -0.98753685 -0.3046712  -0.6972893  -0.02560128 -0.02514195
  -0.8879985  -0.05892317 -0.9824063  -0.47117692  0.37489864 -0.6286602  -0.96465373  0.6239691   0.15239434 -0.48872373 -0.7449779   0.9094537
  -0.54903245 -1.1365885   0.80326134 -0.00197119  0.7027229   0.18994778  0.2537385  -0.7371039   0.36101228 -0.20984189 -1.3509642   0.8423155
  -0.6134897   1.0441358   0.426261    0.01028823 -0.95540315  0.70926654 -0.11715592  0.2816733  -0.06235335 -0.7235089  -0.24616697  0.06402057
   0.6408789   0.46613404 -0.682122   -0.96562296 -0.09039512 -0.63470167  0.5565881  -0.6428965  -0.316821   -0.01689807 -0.6827929  -0.03555338
  -0.24752457 -0.01031529 -0.3108298  -0.06835247  0.7960492   0.4039025  -0.2933392   0.74154466 -0.05513874  0.6795276  -0.08455399 -1.0526353
  -0.24508582  0.89527225  0.8089976  -1.0303721   0.03628546  0.06539533  0.29529878 -0.6975912   0.02651599 -0.8996904   0.158604   -1.0832616
  -0.23700963 -1.7817323  -0.75696075 -0.04147338  1.3756533   0.2894728  -0.5316346  -0.3899756  -0.5318396  -0.57760257  0.14264804 -0.5950414
   0.7861832   1.0176228  -1.2155639  -0.28372046 -0.7575033  -0.26563564  0.2377403  -0.565351  ]]